HE01	HE02	HE03	HE04	HE05	HE06	HE07	HE08	HE09	HE10	HE11	HE12	HE13	HE14	HE15	HE16	HE17	HE18	HE19	HE20	HE21	HE22	HE23	HE24	
2351.764	2325.194	2269.001	2273.126	2243.84	2339.301	2419.088	2414.122	2481.688	2543.962	2582.762	2621.063	2642.857	2657.497	2673.239	2666.378	2789.341	2968.643	2943.746	2960.829	2916.155	2869.052	2767.395	2659.245	
2602.753	2505.252	2487.037	2415.366	2479.864	2525.839	2672.278	2759.162	2853.12	2872.909	2842.171	2763.113	2736.8	2630.613	2589.485	2599.137	2645.67	2886.393	2929.975	2920.058	2922.512	2851.838	2815.709	2668.018	
2597.433	2535.045	2494.726	2498.458	2532.897	2589.827	2689.528	2744.917	2777.358	2760.256	2692.841	2614.171	2597.675	2557.472	2550.841	2561.902	2634.867	2894.227	3040.126	3049.781	3037.506	2915.192	2789.715	2679.249	
2515.499	2464.203	2443.407	2486.085	2616.415	2899.893	3277.774	3535.756	3537.609	3554.067	3432.615	3369.265	3334.294	3307.401	3323.169	3432.623	3568.196	3833.158	3904.739	3806.296	3709.368	3582.986	3414.123	3262.108	
3149.637	3182.149	3196.629	3234.47	3374.698	3663.502	4048.05	4266.064	4229.807	4079.68	3910.357	3806.781	3679.827	3623.273	3527.356	3548.487	3646.537	3919.6	3935.176	3894.318	3810.086	3669.724	3480.542	3283.646	
3196.859	3180.105	3158.069	3230.734	3344.323	3638.817	4039.4	4218.454	4155.365	3926.472	3679.893	3578.733	3458.33	3397.238	3337.216	3356.791	3452.201	3724.385	3703.713	3709.629	3539.645	3404.008	3222.3	3005.24	
2841.039	2777.053	2728.213	2721.597	2780.536	3005.653	3350.062	3574.702	3524.142	3506.814	3457.341	3403.256	3368.822	3331.211	3307.839	3288.7	3358.395	3519.548	3503.69	3378.624	3225.426	3148.823	2876.807	2708.121	
2587.394	2474.39	2433.73	2454.984	2494.068	2751.777	3139.989	3364.568	3386.9	3371.9	3381.642	3306.346	3297.375	3293.729	3248.862	3277.626	3342.755	3440.544	3342.561	3209.41	3063.309	2941.473	2770.579	2631.523	
2480.997	2417.749	2366.061	2315.821	2357.237	2396.945	2510.203	2613.612	2771.523	2882.353	2916.502	2895.45	2882.797	2837.077	2802.588	2745.019	2773.59	2926.012	2902.212	2888.524	2817.97	2727.755	2599.294	2487.705	
2401.176	2279.333	2186.074	2201.56	2136.032	2179.626	2213.784	2286.178	2382.499	2455.884	2476.586	2531.805	2519.341	2514.622	2539.991	2562.044	2615.108	2824.161	2983.493	2966.743	2992.041	2907.833	2783.198	2646.678	
2530.408	2524.793	2517.792	2591.326	2793.684	3080.715	3512.365	3772.433	3763.468	3585.737	3497.949	3425.585	3417.911	3325.462	3303.877	3293.039	3436.377	3708.83	3727.304	3676.21	3608.172	3438.849	3219.694	3056.418	
2918.165	2827.75	2847.101	2820.608	2970.755	3188.42	3614.266	3809.845	3765.518	3718.97	3677.451	3631.699	3599.201	3573.341	3443.427	3403.523	3503.27	3696.091	3670.072	3617.121	3581.951	3468.135	3311.359	3207.478	
3061.844	3046.594	3040.991	3123.937	3231.656	3571.303	4000.202	4213.896	4164.002	4030.356	3942.214	3847.289	3760.357	3713.989	3736.608	3791.346	3898.867	4112.501	4098.118	4005.574	3902.189	3734.226	3498.227	3335.174	
3106.323	3058.646	2973.516	3012.379	3100.365	3369.036	3768.446	3981.298	3932.847	3747.97	3591.95	3461.546	3371.341	3295.298	3164.575	3174.774	3230.75	3397.746	3423.591	3307.954	3274.077	3107.193	2921.955	2735.983	
2598.452	2508.703	2494.42	2505.642	2614.976	2898.21	3262.534	3471	3406.275	3331.759	3240.026	3146.734	3179.344	3130.596	3167.405	3154.881	3268.689	3355.932	3287.889	3160.371	3039.889	2905.169	2748.211	2609.354	
2513.329	2408.085	2366.799	2311.072	2345.952	2351.193	2492.181	2614.275	2745.458	2825.292	2840.766	2767.657	2762.372	2684.81	2705.936	2714.544	2721.181	2920.889	3029.842	2972.725	2981.063	2896.65	2803.83	2694.933	
2604.234	2512.401	2511.548	2467.523	2511.382	2502.184	2643.748	2693.74	2816.581	2911.352	3023.03	3066.092	3110.656	3125.505	3101.858	3089.615	3122.108	3307.775	3304.919	3282.472	3241.668	3192.889	3036.639	2959.356	
2801.247	2772.72	2809.398	2895.309	3114.673	3334.635	3587.424	3765.245	3855.142	3879.753	3836.756	3821.114	3783.675	3744.19	3720.306	3769.892	3910.681	4221.642	4278.276	4307.595	4237.196	4159.302	3942.492	3794.884	
3665.621	3641.674	3621.084	3684.585	3751.585	4023.491	4427.216	4628.484	4549.918	4427.852	4324.61	4195.834	4156.078	4054.086	3992.269	3999.95	4128.059	4363.366	4415	4385.411	4277.531	4092.89	3898.55	3707.777	
3570.241	3502.751	3476.414	3518.591	3612.58	3844.039	4263.333	4385.438	4361.825	4294.297	4123.381	3971.557	3878.848	3856.369	3889.246	3917.524	3967.856	4116.532	4169.709	4094.485	3954.358	3827.265	3622.29	3385.534	
3248.5	3208.265	3156.056	3221.872	3351.282	3620.177	3949.034	4145.172	4127.184	4089.618	3979.353	3822.213	3659.815	3673.043	3671.398	3675.302	3716.395	3956.357	3994.225	4005.656	3860.036	3744.646	3561.291	3377.28	
3284.874	3212.383	3208.601	3271.125	3387.093	3629.279	3922.835	4038.472	4121.752	4102.725	4071.729	4033.139	4014.486	4017.843	4066.177	4144.676	4142.956	4286.316	4240.778	4159.148	4022.94	3924.965	3824.761	3624.037	
3542.521	3419.186	3394.497	3432.917	3415.589	3456.638	3529.958	3608.465	3689.076	3839.031	3885.607	3907.035	3900.298	3859.067	3904.956	3932.42	3945.286	4089.761	4104.446	4047.709	3905.804	3784.813	3605.288	3468.07	
3303.666	3269.952	3178.672	3257.557	3327.669	3386.073	3472.645	3514.593	3572.68	3553.37	3460.044	3442.312	3343.437	3283.873	3279.203	3262.609	3357.345	3614.186	3761.78	3810.668	3710.763	3662.974	3486.633	3407.265	
3329.623	3291.368	3323.229	3371.795	3498.785	3669.208	3814.243	3853.531	3874.452	3768.14	3636.35	3568.871	3448.388	3381.381	3319.187	3291.135	3370.461	3659.35	3734.155	3656.135	3547.879	3413.111	3270.612	3086.71	
2966.197	2922.019	2882.217	2936.047	3003.31	3187.637	3354.416	3441.045	3499.695	3484.267	3392.084	3376.016	3285.046	3160.781	3227.926	3176.029	3179.396	3386.824	3402.174	3358.501	3220.878	3071.325	2911.514	2705.262	
2557.163	2505.287	2460.867	2541.862	2601.294	2866.448	3175.795	3321.473	3439.324	3472.125	3431.266	3367.862	3271.597	3245.011	3221.138	3168.526	3321.672	3488	3611.742	3566.379	3486.676	3427.191	3215.73	3061.021	
2940.313	2919.009	2936.443	2961.839	3130.383	3393.498	3701.667	3913.662	3905.583	3813.55	3635.262	3515.074	3389.454	3321.594	3323.875	3320.092	3377.14	3563.744	3605.108	3552.218	3426.853	3263.739	3104.146	2895.037	
2792.453	2725.271	2721.773	2784.826	2905.794	3157.964	3488.196	3654.411	3626.874	3561.42	3555.269	3448.282	3383.705	3418.579	3371.438	3411.926	3545.849	3713.653	3762.161	3695.218	3541.658	3433.426	3261.299	3105.253	
3061.457	2917.332	2907.671	2903.898	2944.047	3029.864	3207.771	3315.628	3379.384	3296.829	3220.927	3099.775	3006.879	2902.412	2840.928	2792.216	2861.05	3041.502	3160.867	3150.677	3105.883	3036.016	2911.959	2788.024	
2690.618	2633.069	2563.333	2561.288	2577.248	2636.339	2701.744	2766.336	2775.534	2807.812	2782.688	2671.145	2664.928	2591.597	2601.114	2564.171	2645.6	2786.096	2982.992	2961.352	2928.512	2796.702	2677.131	2495.139	
2343.846	2288.699	2250.661	2234.529	2368.166	2592.753	2977.466	3141.684	3123.384	3047.336	2981.642	3010.399	2955.043	2976.878	3042.099	3050.265	3105.471	3244.507	3267.63	3170.294	3057.53	2907.723	2740.341	2551.353	
2430.926	2365.894	2390.933	2372.98	2538.377	2794.046	3232.104	3426.077	3384.777	3214.518	3140.263	3044.974	3007.523	2985.482	2933.354	2927.895	3001.792	3172.629	3237.311	3201.853	3104.975	2968.954	2745.438	2598.715	
2374.925	2348.582	2290.206	2327.261	2390.03	2663.703	3009.705	3250.785	3276.05	3258.163	3234.158	3215.585	3171.909	3249.839	3212.145	3163.36	3227.111	3309.285	3242.685	3131.69	3018.886	2850.074	2653.16	2415.181	
2294.611	2183.674	2112.627	2152.815	2162.513	2436.266	2823.115	3011.262	3098.849	3088.412	3087.977	3099.974	3088.243	3055.137	3039.454	3061.912	3099.756	3244.537	3201.666	3192.141	3061.988	2953.752	2761.81	2619.783	
2459.846	2416.131	2437.131	2430.26	2522.883	2784.047	3193.394	3420.386	3508.39	3467.581	3430.203	3294.879	3218.829	3151.793	3128.799	3113.276	3197.109	3378.613	3463.565	3401.145	3261.847	3177.634	3029.9	2921.315	
2781.747	2721.676	2712.534	2714.764	2755.8	2832.759	2972.959	3129.283	3210.138	3166.36	3076.916	3030.994	2938.012	2839.611	2826.918	2762.11	2787.505	2975.535	3118.07	3093.54	3099.278	3003	2962.056	2813.026	
2744.804	2708.045	2633.662	2653.052	2687.283	2781.809	2884.659	2948.356	3080.555	3092.705	3060.347	2989.544	2922.084	2923.675	2900.884	2887.517	2931.414	3134.03	3193.889	3122.157	3051.21	3000.557	2896.253	2781.916	
2619.498	2549.092	2558.167	2606.998	2700.316	2990.812	3396.645	3587.058	3512.43	3367.085	3264.756	3166.118	3094.772	3072.463	3069.795	3125.561	3208.003	3337.33	3393.637	3308.121	3206.867	3078.3	2898.036	2750.457	
2579.014	2518.992	2492.611	2494.01	2680.328	2875.972	3284.441	3522.699	3540.213	3606.424	3554.507	3517.712	3478.637	3401.508	3386.948	3381.014	3431.591	3576.918	3665.656	3622.654	3509.41	3351.701	3179.869	2983.028	
2836.293	2802.58	2826.193	2836.525	2963.439	3192.579	3649.071	3818.142	3816.915	3747.641	3604.97	3436.826	3427.1	3387.809	3354.11	3365.255	3525.117	3723.082	3926.523	3863.922	3756.42	3644.815	3446.096	3263.985	
3172.963	3153.557	3142	3230.548	3362.403	3643.34	4042.848	4233.881	4195.853	4056.841	4063.201	3925.727	3880.018	3826.808	3783.738	3805.473	3859.379	4082.794	4233.369	4218.941	4107.337	4003.103	3812.126	3600.973	
3461.141	3434.659	3387.775	3472.574	3534.175	3803.171	4175.835	4332.533	4268.783	4149.697	4061.071	3892.952	3794.583	3758.422	3712.636	3831.817	3891.316	4026.26	4023.355	3916.451	3849.287	3681.178	3531.846	3383.385	
3244.02	3214.448	3206.774	3237.1	3288.184	3487.514	3550.245	3710.864	3863.203	3991.57	3967.3	3947.602	3919.424	3893.294	3849.285	3909.543	3919.508	4162.319	4313.093	4392.316	4305.41	4345.988	4102.76	4059.923	
3942.037	3883.422	3857.605	3828.414	3859.3	3921.647	4027.224	4079.298	4070.527	4032.444	3919.503	3861.753	3796.531	3660.592	3596.816	3573.844	3704.13	3917.531	4102.584	4059.323	4056.578	3991.409	3793.656	3684.435	
3593.834	3571.249	3559.562	3573.139	3682.6	3777.495	3965.947	3992.029	4055.202	4167.761	4181.239	4142.521	4135.404	4151.876	4086.125	4058.851	4089.42	4179.391	4165.125	4119.715	3948.641	3747.895	3505.664	3309.406	
3183.184	3102.929	3053.219	3121.477	3160.929	3361.822	3547.842	3619.589	3689.825	3680.298	3687.639	3694.941	3614.542	3510.972	3350.981	3301.66	3318.945	3408.104	3578.958	3493.432	3413.912	3268.346	3093.415	2858.459	
2745.811	2679.905	2644.91	2757.647	2842.164	3139.709	3568.927	3694.364	3688.769	3594.353	3550.401	3380.476	3314.456	3259.069	3258.35	3263.077	3291.722	3479.435	3552.145	3584.936	3481.436	3346.991	3117.633	2995.463	
2857.324	2750.497	2739.126	2803.425	2847.121	3201.733	3623.354	3799.831	3758.765	3659.658	3544.575	3514.196	3435.155	3408.95	3314.967	3331.04	3402.141	3563.352	3725.712	3742.982	3660.528	3567.435	3402.516	3217.812	
3077.903	3057.458	3039.509	3117.414	3209.312	3507.509	3946.27	4084.135	3981.842	3909.077	3858.054	3805.751	3681.133	3543.61	3521.537	3489.636	3557.098	3644.842	3758.947	3613.302	3478.337	3289.879	3150.76	2921.962	
2811.983	2705.787	2625.073	2621.831	2588.858	2640.787	2736.974	2790.231	2960.552	2999.517	2998.672	2889.722	2857.782	2702.172	2659.747	2633.272	2604.39	2645.573	2854.602	2830.928	2846.248	2708.479	2633.369	2534.984	
2389.929	2342.979	2230.761	2293.661	2273.837	2313.519	2400.594	2440.813	2589.217	2665.326	2707.046	2770.405	2717.438	2743.611	2729.659	2717.054	2786.236	2875.146	2974.922	2981.804	2904.223	2805.922	2671.925	2499.453	
2363.657	2279.154	2270.404	2329.445	2440.074	2734.558	3144.92	3365.209	3376.507	3312.401	3160.209	3145.002	3069.353	3002.146	3020.571	3018.071	3036.695	3133.945	3258.534	3282.541	3147.059	3025.992	2833.924	2626.489	
2495.732	2405.794	2376.532	2398.545	2519.249	2738.787	3172.607	3378.352	3444.133	3464.796	3469.394	3383.394	3371.57	3337.623	3385.183	3400.872	3429.226	3542.855	3551.987	3448.963	3318.118	3170.538	2949.844	2746.538	
2572.866	2507.572	2474.069	2472.99	2560.616	2807.461	3238.407	3404.413	3456.827	3390.61	3314.131	3390.43	3287.805	3258.906	3203.26	3221.739	3271.521	3269.869	3201.325	3126.996	2976.926	2853.037	2631.498	2442.472	
2269.616	2232.937	2230.519	2221.44	2316.183	2561.517	2940.275	3196.624	3205.946	3223.271	3202.596	3250.825	3251.473	3245.865	3246.054	3272.556	3334.118	3351.763	3465.204	3430.679	3304.244	3197.112	2985.797	2859.627	
2675.999	2608.23	2652.617	2680.367	2825.756	3031.155	3441.707	3625.119	3607.953	3599.753	3481.43	3418.219	3397.459	3332.869	3261.749	3323.832	3379.413	3501.363	3629.615	3551.754	3457.885	3349.141	3191.876	3063.023	
2924.937	2870.735	2867.256	2840.1	2904.632	2969.619	3095.968	3190.831	3280.717	3225.493	3144.548	3040.661	2956.096	2904.769	2792.209	2752.972	2769.657	2864.692	3070.963	3139.685	3088.671	3063.823	2963.184	2827.624	
2766.663	2692.856	2654.491	2671.277	2662.67	2745.25	2740.644	2812.828	2818.438	2752.698	2749.762	2659.91	2617.478	2578.485	2531.936	2537.871	2530.446	2646.545	2828.059	2893.504	2812.803	2724.568	2602.23	2419.605	
2253.283	2168.356	2168.522	2176.886	2281.476	2525.323	2858.869	3077.249	3094.163	3061.129	3032.868	2967.584	2945.118	2913.31	2874.68	2848.988	2912.555	2925.892	3063.033	3053.795	2928.343	2813.499	2642.134	2435.181	
2309.096	2261.204	2265.789	2256.208	2387.912	2664.739	3059.835	3204.824	3127.045	2993.241	2932.164	2900.895	2872.607	2858.07	2881.073	2873.757	2860.636	2928.229	3018.838	2991.453	2884.065	2754.744	2535.338	2367.86	
2182.036	2093.625	2083.018	2057.843	2162.741	2448.055	2845.31	3160.833	3132.37	3160.169	3186.413	3171.333	3159.088	3163.897	3104.731	3161.359	3170.23	3344.511	3515.803	3541.338	3467.283	3358.354	3103.043	2922.577	
2756.607	2693.664	2671.41	2717.012	2834.102	3131.209	3539.569	3677.751	3553.958	3477.742	3416.373	3253.286	3238.163	3171.779	3163.352	3294.036	3336.202	3431.481	3539.17	3474.565	3396.06	3253.647	3055.542	2854.338	
2762.367	2688.429	2660.122	2695.276	2794.887	3058.541	3451.695	3623.201	3649.368	3673.454	3586.988	3452.85	3357.774	3371.49	3359.984	3350.581	3430.565	3472.391	3519.266	3379.631	3282.085	3134.446	2931.71	2840.337	
2652.115	2624.014	2580.471	2565.755	2541.327	2657.624	2775.118	2872.421	3066.203	3113.334	3092.531	3012.526	2942.369	2846.238	2828.903	2785.342	2799.14	2899.821	3026.185	3082.322	3037.072	2991.492	2843.492	2743.82	
2615.06	2558.197	2491.417	2527.191	2493.798	2567.356	2627.361	2661.653	2705.796	2762.877	2749.542	2725.7	2713.634	2724.806	2678.931	2631.534	2650.136	2719.728	2924.177	3041.478	3005.366	2988.844	2797.33	2659.978	
2530.21	2514.041	2501.224	2579.855	2672.407	2936.651	3315.72	3451.002	3299.126	3181.573	3072.838	2975.39	2959.287	2896.823	2899.197	2883.647	2872.011	2893.118	3018.393	3011.589	2880.278	2715.631	2554.203	2300.97	
2225.507	2125.51	2082.372	2070.277	2186.037	2423.529	2750.588	2896.905	2934.389	2968.47	2857.379	2865.874	2884.327	2881.683	2887.553	2877.345	2909.04	2906.391	2946.578	2917.203	2778.837	2653.008	2415.8	2221.238	
2117.099	2025.854	1969.462	1987.366	2038.374	2206.354	2491.056	2824.613	2850.424	2853.074	2876.694	2874.652	2920.484	2960.389	2980.868	2984.758	2983.721	2928.917	2920.52	2972.873	2850.56	2729.122	2490.612	2224.282	
2078.11	2029.894	1966.332	1947.214	2049.706	2216.084	2535.879	2768.603	2874.904	2885.464	2988.58	2999.98	3005.852	3032.067	3059.592	3075.434	3057.044	3017.791	3033.747	3029.459	2854.242	2765.815	2511.65	2349.035	
2147.857	2073.423	2020.581	2010.19	2075.313	2241.938	2569.067	2738.776	2838.542	2911.028	2861.459	2911.343	2943.486	2922.555	2902.764	2940.909	2966.106	2931.978	2893.368	2846.913	2673.017	2527.8	2362.805	2241.692	
2107.543	2006.037	1989.453	1930.643	1964.548	2005.77	2088.849	2225.562	2395.482	2540.851	2577.97	2620.657	2635.487	2584.962	2541.415	2473.769	2461.522	2462.426	2618.681	2640.291	2577.455	2494.717	2383.373	2264.774	
2149.527	2098.02		2051.264	2001.749	1977.864	2015.717	2089.775	2191.429	2291.798	2370.997	2503.452	2484.772	2522.808	2525.801	2483.748	2576.878	2566.127	2655.755	2734.618	2790.598	2697.558	2539.76	2311.148	
2198.386	2117.202	2074.746	2058.898	2147.633	2388.248	2731.519	3006.075	3048.793	3065.375	3073.02	3093.2	3033.24	3069.38	3000.72	3062.177	3028.033	3041.964	3020.097	3072.963	3003.786	2879.967	2640.715	2491.388	
2290.36	2219.751	2170.928	2202.653	2265.889	2464.388	2885.125	3124.381	3089.292	3117.722	3106.617	3032.011	3044.051	2965.918	2897.065	2895.787	2901.961	2888.259	2808.141	2865.203	2865.992	2749.551	2603.518	2363.868	
2226.172	2123.841	2077.888	2129.922	2170.776	2366.868	2718.645	2900.157	2911.765	2848.907	2875.496	2870.19	2878.033	2902.967	2918.635	2922.753	2863.457	2872.8	2744.792	2813.334	2815.122	2668.219	2444.6	2270.011	
2120.642	2023.372	2007.163	1993.549	2129.392	2289.644	2687.558	2941.424	2959.198	2898.515	2927.523	2918.848	2921.398	2879.741	2876.696	2869.125	2863.807	2849.19	2761.135	2801.78	2801.394	2689.96	2516.033	2312.933	
2141.604	2071.423	2041.519	2076.4	2149.148	2370.474	2763.513	3006.179	2982.135	2920.265	2863.769	2840.575	2822.68	2835.194	2817.895	2841.053	2780.295	2802.654	2698.621	2719.431	2671.579	2614.719	2438.333	2344.239	
2203.515	2117.105	2065.601	2034.399	2025.341	2127.736	2251.179	2364.002	2567.217	2663.942	2802.686	2766.417	2860.316	2804.276	2827.421	2807.353	2824.849	2877.526	2884.556	2992.609	2945.57	2917.3	2781.713	2643.605	
2496.162	2405.732	2402.682	2303.883	2340.581	2397.633	2433.326	2540.872	2663.136	2737.306	2770.606	2781.859	2832.86	2796.133	2797.951	2812.79	2806.607	2877.602	2972.804	3046.112	3063.75	3024.443	2840.767	2687.419	
2529.234	2424.236	2401.512	2437.919	2542.157	2741.278	3148.92	3353.494	3324.832	3202.459	3145.801	3088.98	3068.485	2992.682	2962.451	2971.028	2921.918	2919.963	2929.524	3089.912	3083.029	2961.432	2736.897	2588.721	
2474.526	2360.523	2439.428	2403.241	2530.541	2755.217	3173.963	3423.575	3318.541	3208.259	3120.54	3057.414	2959.065	2897.872	2842.726	2828.155	2845.47	2770.453	2731.991	2788.123	2782.918	2702.301	2538.855	2354.824	
2180.644	2149.077	2077.338	2080.943	2150.873	2322.191	2671.617	2892.851	2931.767	2867.909	2846.383	2802.713	2794.938	2786.005	2812.149	2804.719	2837.257	2783.445	2722.639	2719.936	2706.9	2581.209	2399.083	2236.213	
2107.443	2009.497	1965.383	1944.107	2018.961	2205.612	2520.375	2716.09	2767.208	2781.592	2812.289	2806.887	2815.53	2840.544	2856.208	2870.528	2914.92	2889.473	2755.055	2752.332	2721.51	2603.889	2436.16	2293.868	
2131.553	2031.876	1994.286	1956.183	2015.425	2127.123	2421.946	2660.531	2768.521	2881.528	2921.547	2906.195	2889.418	2847.9	2836.191	2834.392	2798.809	2782.488	2652.235	2638.876	2603.777	2479.056	2371.313	2238.055	
2104.673	2028.541	1993.001	1983.052	1965.557	2063.994	2176.477	2259.421	2439.221	2518.454	2513.585	2525.048	2456.059	2406.253	2347.657	2319.594	2307.663	2300.483	2319.156	2433.004	2498.999	2460.496	2366.168	2252.965	
2145.082	2009.081	1991.127	1997.155	1927.73	2006.409	2054.148	2156.871	2257.256	2380.435	2416.368	2389.56	2395.366	2375.471	2382.507	2351.203	2353.181	2395.033	2422.709	2512.304	2552.839	2491.115	2374.845	2249.443	
2143.214	2037.447	2023.44	2017.716	2080.708	2292.606	2546.379	2770.644	2854.553	2900.98	2811.842	2800.664	2810.227	2791.766	2731.752	2751.677	2699.792	2696.424	2677.839	2715.673	2695.587	2585.207	2359.704	2254.591	
2072.492	2028.357	1987.027	1998.473	2069.275	2292.797	2626.276	2824.37	2863.901	2878.986	2822.459	2798.172	2798.28	2729.776	2741.089	2695.254	2729.986	2674.354	2641.192	2684.2	2729.424	2602.095	2472.161	2310.882	
2139.77	2115.595	2090.9	2144.179	2199.903	2472.9	2803.107	3006.662	2995.455	2911.971	2848.013	2826.461	2777.742	2728.979	2716.773	2717.527	2709.948	2723.343	2637.04	2692.828	2688.881	2570.864	2415.394	2290.588	
2092.458	2066.869	1979.489	2030.81	2036.41	2243.214	2566.185	2712.412	2827.396	2827.795	2846.307	2868.484	2837.982	2864.327	2861.251	2882.777	2845.124	2835.375	2751.645	2741.431	2716.296	2572.233	2409.678	2231.019	
2107.081	2037.109	1956.859	1974.214	2050.311	2242.737	2552.239	2767.997	2909.532	2983.415	2996.588	3005.191	3029.857	3048.688	3037.285	3120.576	3122.37	3056.785	2923.345	2912.805	2852.022	2739.717	2542.492	2374.692	
2229.426	2116.923	1999.589	1972.629	1933.189	1974.163	2016.685	2124.339	2277.139	2418.062	2490.132	2494.177	2491.312	2442.944	2381.23	2394.817	2354.792	2351.497	2376.975	2491.044	2531.964	2456.221	2372.627	2238.542	
2159.778	2091.617	2078.028	2112.71	2083.991	2191.203	2298.059	2414.012	2507.971	2585.29	2621.399	2608.635	2580.528	2550.198	2481.871	2435.822	2433.82	2446.106	2511.28	2604.894	2748.187	2691.682	2539.971	2392.361	
2225.42	2163.453	2080.55	2134.655	2212.616	2442.281	2764.697	2912.241	2939.212	2891.42	2892.869	2856.553	2854.064	2856.071	2875.77	2878.214	2914.813	2855.962	2869.727	2781.52	2819.413	2689.243	2485.845	2354.736	
2260.683	2208.148	2229.102	2282.961	2457.571	2683.824	3101.696	3325.502	3363.559	3207.41	3237.721	3209.961	3182.215	3154.872	3144.48	3035.749	3012.021	3021.386	2930.809	3011.603	3058.463	3029.425	2849.264	2618.146	
2533.937	2451.711	2453.564	2474.913	2581.076	2855.417	3220.482	3432.108	3328.606	3192.78	3058.833	3000.241	2960.087	2902.756	2843.518	2811.533	2835.769	2862.665	2800.199	2865.073	2929.485	2801.041	2562.461	2405.175	
2230.877	2148.055	2108.566	2079.639	2162.231	2361.636	2724.236	2915.8	3005.909	3028.781	2992.825	3020.45	2943.923	2866.126	2851.889	2795.594	2825.379	2903.971	2805.982	2795.349	2801.824	2728.897	2531.304	2336.747	
2242.222	2146.514	2139.381	2186.908	2255.566	2476.539	2848.788	3036.102	3083.144	3037.882	2992.304	2957.893	2903.124	2870.54	2810.074	2759.727	2770.537	2758.668	2750.885	2721.436	2807.027	2716.565	2619.58	2481.122	
2336.609	2294.173	2258.419	2214.033	2221.724	2258.01	2383.461	2521.034	2680.882	2811.973	2945.847	2940.921	2857.288	2724.425	2677.345	2613.575	2602.09	2647.779	2721.941	2844.571	2933.557	2939.079	2811.661	2685.507	
2636.724	2520.291	2539.725	2462.997	2521.468	2591.619	2681.96	2728.79	2739.947	2750.637	2719.461	2675.121	2586.539	2518.576	2522.023	2437.533	2448.463	2494.322	2531.596	2635.757	2834.259	2742.312	2614.065	2437.176	
2300.004	2216.684	2165.06	2195.314	2235.958	2489.399	2845.36	3078.343	3121.644	3095.757	3104.593	2993.205	2906.457	2840.189	2861.449	2823.106	2849.554	2827.61	2746.816	2744.713	2791.669	2672.91	2464.975	2285.037	
2069.139	2043.284	1970.893	1967.981	1975.83	2227.169	2546.514	2799.909	2861.552	2951.775	2933.061	2896.745	2858.804	2795.547	2752.69	2794.735	2801.856	2772.245	2708.673	2710.961	2766.498	2635.155	2488.5	2282.943	
2135.759	2075.329	2055.028	2104.393	2143.831	2392.97	2790.539	2998.171	2983.375	2942.118	2916.318	2814.358	2814.114	2797.828	2790.648	2738.27	2800.112	2758.878	2729.901	2727.039	2767.722	2676.626	2513.388	2371.346	
2199.912	2160.812	2101.779	2156.868	2184.579	2479.776	2834.174	3032.422	2962.288	2906.929	2871.916	2813.419	2813.378	2750.675	2807.032	2770.172	2742.753	2764.584	2682.087	2673.781	2717.49	2632.541	2491.328	2266.869	
2126.538	2073.538	2037.519	2031.838	2126.016	2359.822	2655.319	2884.216	2873.585	2853.141	2796.499	2794.384	2763.968	2740.683	2731.416	2709.473	2740.333	2671.502	2600.053	2527.471	2583.085	2487.862	2406.509	2256.304	
2120.595	2066.58	2004.276	2023.213	2028.192	2069.357	2164.372	2261.051	2388.833	2452.108	2453.14	2441.375	2435.65	2376.906	2401.88	2347.643	2340.166	2369.836	2378.552	2380.498	2459.55	2426.079	2327.125	2189.778	
2073.395	2009.288	1938.916	1941.447	1938.756	1971.247	2010.285	2086.435	2218.429	2244.67	2342.915	2266.822	2321.109	2332.447	2345.584	2361.616	2390.292	2439.775	2470.419	2497.295	2609.408	2550.766	2390.678	2199.3	
2011.517	1936.523	1923.985	1899.906	1973.946	2188.852	2449.275	2686.892	2754.213	2872.427	2886.435	2952.497	3009.802	3028.414	3025.756	3067.177	3131.197	3140.577	3028.309	2946.325	2978.006	2804.015	2563.796	2328.011	
2153.153	2021.215	1967.925	1951.938	1981.868	2166.669	2494.174	2707.917	2858.685	2924.306	2986.634	3043.7	3109.345	3129.955	3181.768	3218.615	3227.266	3143.047	2985.381	2871.519	2891.11	2762.171	2508.575	2304.085	
2084.252	1968.961	1947.24	1892.674	1978.554	2131.191	2455.868	2666.461	2763.737	2790.338	2827.265	2836.872	2859.036	2859.736	2875.39	2910.3	2915.017	2948.165	2808.29	2719.037	2779.817	2627.48	2451.35	2240.688	
2055.53	1963.05	1916.57	1898.965	1978.287	2185.049	2408.964	2692.02	2743.853	2802.355	2809.286	2824.006	2806.729	2850.294	2879.182	2951.978	2979.501	2925.445	2840.13	2805.86	2829.337	2722.982	2529.368	2296.383	
2158.869	2057.528	2034.859	1998.472	2066.504	2248.135	2556.3	2771.419	2913.918	2998.996	3038.179	3057.581	3108.596	3075.202	3041.893	3024.913	3066.149	3013.08	2883.264	2850.395	2826.557	2696.068	2548.057	2390.293	
2212.523	2132.69	2091.844	2007.291	2002.709	2034.683	2083.741	2164.316	2421.786	2552.936	2586.795	2634.214	2618.335	2549.078	2527.952	2459.571	2511.973	2484.656	2491.807	2477.239	2517.635	2489.246	2358.546	2229.325	
2083.266	2002.319	1958.88	1897.964	1922.409	1948.349	1950.028	2036.357	2167.538	2239.975	2310.489	2292.821	2304.179	2324.642	2334.342	2306.35	2361.307	2389.721	2400.459	2427.628	2582.691	2478.382	2358.228	2157.083	
2004.916	1946.671	1920.763	1885.139	1989.124	2179.647	2461.269	2649.416	2760.073	2801.712	2823.27	2879.054	2976.475	3022.601	3048.155	3065.611	3110.97	3101.867	2992	2907.339	2912.088	2818.288	2536.277	2370.917	
2181.858	2053.249	2021.033	2039.817	2037.494	2262.633	2541.237	2775.488	2932.498	3061.727	3106.895	3202.062	3206.685	3256.419	3359.991	3388.834	3417.181	3429.574	3298.877	3203.306	3232.937	3054.006	2792.425	2576.752	
2353.217	2223.33	2176.671	2113.267	2134.507	2266.742	2597.507	2764.418	2853.642	2899.258	2875.142	2914.132	2888.596	2858.748	2872.667	2836.147	2851.587	2849.185	2802.167	2724.488	2753.881	2624.045	2426.459	2242.445	
2077.523	1981.896	1941.11	1927.471	1967.577	2147.362	2489.896	2716.944	2822.115	2848.397	2912.513	2866.321	2877.514	2888.091	2849.031	2873.358	2872.255	2909.242	2833.325	2828.254	2814.842	2657.215	2491.654	2315.095	
2161.741	2075.97	2011.717	2023.748	2059.078	2247.125	2597.276	2787.272	2866.394	2960.341	2926.979	2924.516	2892.486	2849.952	2831.222	2793.022	2803.964	2817.105	2752.323	2783.395	2729.381	2596.806	2474.381	2313.49	
2206.795	2101.964	2048.198	2019.801	1988.208	2035.638	2125.612	2230.112	2429.134	2516.95	2562.022	2593.932	2511.668	2541.338	2468.377	2392.076	2390.226	2415.015	2435.093	2451.512	2530.828	2452.327	2388.338	2274.305	
2119.52	2076.156	2001.592	1947.464	1961.537	1982.072	2019.221	2124.267	2269.53	2384.809	2447.144	2503.777	2496.209	2516.815	2464.51	2472.193	2491.217	2508.792	2535.436	2539.697	2641.293	2552.228	2383.069	2244.102	
2065.811	1987.051	1987.436	1964.779	2083.787	2265.062	2601.984	2819.38	2898.764	2957.546	2946.801	2979.879	2949.158	2977.786	3006.362	3047.432	3116.303	3181.515	3082.873	3076.064	2989.46	2821.187	2549.209	2334.914	
2176.8	2067.99	2032.338	2017.782	2061.172	2306.848	2623.217	2858.068	2969.437	3007.676	3041.753	3009.494	3026.485	3064.896	3029.196	3052.563	3098.577	3060.087	2933.078	2867.294	2854.401	2729.96	2442.753	2311.821	
2148.529	2004.991	1993.128	1969.122	2032.329	2213.852	2540.459	2739.273	2876.773	2900.791	2910.084	2927.25	2890.793	2900.456	2881.327	2891.755	2866.44	2902.786	2824.781	2787.966	2817.185	2671.036	2483.24	2290.799	
2154.043	2039.196	1985.577	1999.767	2052.876	2243.97	2577.752	2820.453	2907.573	2932.058	2920.307	2929.143	2924.699	2872.059	2910.575	2867.086	2844.516	2910.048	2834.555	2838.838	2833.307	2679.454	2529.431	2349.016	
2171.562	2057.751	2035.535	2026.869	2095.839	2271.463	2599.449	2787.759	2933.806	2963.904	2994.672	3002.144	2981.604	2971.429	2937.013	2891.725	2928.42	2877.282	2827.793	2706.253	2709.409	2661.307	2537.902	2375.393	
2239.302	2111.678	2120.437	2056.297	2060.131	2124.572	2170.41	2248.948	2388.435	2498.903	2542.882	2540.957	2518.814	2473.828	2436.026	2385.465	2378.738	2376.805	2394.902	2377.785	2517.311	2505.507	2390.921	2281.446	
2154.738	2060.638	2015.371	1993.133	1952.099	2002.757	2004.151	2073.387	2205.626	2310.362	2356.985	2401.701	2349.001	2358.173	2341.688	2358.965	2368.89	2376.949	2380.243	2437.017	2540.862	2544.667	2401.272	2257.207	
2063.193	2004.339	1956.138	1976.275	2034.67	2256.803	2505.035	2744.348	2828.019	2853.935	2927.265	2919.956	2927.084	2905.718	2921.231	2893.865	2927.442	2897.478	2832.236	2786.651	2814.792	2722.628	2540.921	2306.967	
2141.536	2081.286	1992.079	2004.689	2063.154	2257.004	2597.348	2810.814	2910.243	2951.477	2922.099	2934.993	2899.209	2894.862	2913.428	2904.256	2875.581	2890.735	2779.036	2762.076	2737.795	2709.171	2484.96	2306.98	
2135.838	2081.861	1971.184	1999.14	2055.041	2262.891	2565.417	2822.348	2928.247	2968.266	2967.614	2958.997	3017.819	2983.591	2996.447	2968.685	2994.678	2942.199	2871.969	2862.879	2805.837	2725.304	2529.917	2315.108	
2177.869	2093.621	2000.77	2035.437	2042.941	2259.341	2563.209	2834.893	2917.652	2932.185	3002.232	2965.307	2995.241	2966.453	2971.544	2960.975	2958.206	2972.803	2851.949	2803.061	2809.892	2722.25	2534.93	2322.061	
2165.856	2082.305	2025.418	2012.929	2081.399	2244.801	2602.112	2851.025	2959.427	3055.865	3053.084	3087.37	3105.578	3081.82	3072.724	3046.512	3012.562	3024.053	2908.074	2797.151	2719.98	2661.424	2485.476	2336.314	
2184.458	2094.71	1981.427	2000.015	1957.253	1973.119	1999.643	2168.662	2332.922	2485.76	2545.418	2587.359	2607.124	2597.293	2601.609	2567.29	2503.355	2497.187	2455.835	2455.07	2515.699	2474.762	2385.879	2232.611	
2107.934	2021.815	1969.787	1949.818	1922.224	1971.004	2005.037	2049.587	2186.799	2303.669	2359.328	2375.818	2401.787	2356.451	2394.759	2346.348	2343.547	2384.428	2410.184	2465.485	2577.828	2582.053	2465.553	2248.117	
2131.264	2058.58	2030.235	2065.414	2117.033	2359.117	2642.461	2828.427	2876.157	2863.283	2851.163	2847.48	2827.869	2804.776	2815.146	2821.351	2826.265	2813.613	2760.938	2706.814	2698.318	2654.152	2475.459	2310.57	
2114.006	2043.125	1951.649	1962.752	2025.385	2218.956	2514.959	2763.79	2883.063	2907.659	2931.969	2926.594	2967.17	2929.66	2959.906	2921.195	2907.606	2882.513	2869.857	2773.357	2774.337	2702.498	2501.333	2302.804	
2180.81	2051.108	2033.008	2013.327	2062.547	2250.383	2604.509	2782.784	2953.049	2915.668	2864.371	2916.91	2864.973	2884.846	2847.792	2864.462	2886.073	2890.919	2787.102	2764.857	2721.81	2628.796	2425.991	2275.108	
2105.405	2005.774	1953.224	1967.577	2006.985	2195.33	2478.174	2743.232	2815.75	2887.242	2877.026	2851.426	2855.124	2894.474	2852.856	2905.545	2931.336	2927.238	2776.797	2719.64	2702.039	2664.951	2457.554	2279.758	
2107.165	2008.698	1970.827	1923.285	1997.582	2171.12	2437.603	2700.223	2790.943	2899.348	2936.012	2934.647	2919.11	2956.599	2955.193	2978.142	3014.667	2958.036	2772.931	2669.587	2676.827	2581.466	2445.599	2311.786	
2132.797	2088.839	1993.655	1984.766	1984.357	1954.829	2042.382	2120.22	2303.275	2458.265	2565.426	2549.8	2546.198	2474.558	2485.712	2437.62	2432.635	2421.368	2442.875	2443.982	2521.353	2449.811	2352.521	2238.944	
2135.281	1994.279	1986.256	1937.604	1923.849	1938.763	1960.961	2040.913	2166.824	2304.45	2419.567	2426.897	2430.314	2462.78	2472.158	2422.535	2468.705	2458.801	2548.43	2567.07	2627.343	2566.474	2415.467	2252.695	
2066.918	1997.629	1987.243	1942.857	1989.91	2227.631	2516.716	2760.308	2827.426	2889.419	2943.633	2964.642	3013.92	3007.244	2968.934	2990.147	2999.857	2970.077	2834.153	2793.971	2758.516	2686.335	2467.492	2307.835	
2160.221	2021.371	1997.165	1955.02	2015.281	2232.139	2481.02	2713.53	2862.26	2944.592	3005.797	3063.177	3086.722	3135.167	3142.416	3198.34	3244.654	3281.538	3163.917	3094.296	3001.336	2953.577	2725.209	2442.104	
2252.599	2134.746	2054.333	2017.45	2059.502	2246.515	2529.052	2837.137	3003.325	3146.213	3212.964	3340.293	3400.974	3488.484	3522.034	3617.402	3700.838	3710.803	3603.841	3451.31	3335.535	3307.134	2973.575	2726.77	
2478.871	2289.651	2202.35	2171.966	2199.108	2355.149	2718.865	2974.905	3158.242	3304.631	3443.059	3598.997	3753.188	3872.483	3994.794	4129.389	4216.09	4240.978	4085.647	3908.104	3821.576	3717.069	3444.683	3129.324	
2855.509	2698.449	2563.793	2501.437	2558.659	2689.91	3024.136	3307.189	3592.411	3758.684	3975.635	4097.359	4246.724	4338.673	4460.322	4564.947	4604.4	4593.426	4371.949	4166.383	4014.13	3904.858	3619.373	3322.735	
3099.979	2910.071	2759.195	2689.169	2560.808	2593.331	2552.672	2720.881	2963.009	3331.657	3533.134	3787.879	3900.947	4035.883	4092.929	4150.634	4143.969	4136.93	4066.853	3889.537	3785.407	3661.588	3397.149	3136.851	
2924.491	2740.12	2573.928	2489.96	2415.523	2393.811	2368.324	2504.904	2744.727	3032.596	3280.244	3406.41	3564.203	3707.039	3653.124	3692.948	3636.663	3520.702	3397.825	3277.477	3228.633	3104.781	2919.658	2791.005	
2632.076	2451.377	2393.631	2401.884	2370.815	2441.309	2463.84	2573.912	2723.162	2885.681	3105.606	3306.162	3443.296	3593.952	3646.604	3646.872	3646.358	3606.583	3551.993	3505.853	3476.536	3440.989	3245.134	2958.497	
2743.431	2582.718	2489.838	2498.534	2540.063	2754.608	3042.928	3377.259	3590.877	3764.726	3849.246	4002.381	4164.587	4229.106	4290.074	4431.721	4471.549	4497.323	4325.922	4091.849	3932.717	3807.521	3427.78	3125.108	
2878.508	2629.633	2534.37	2546.594	2535.52	2739.295	3077.184	3359.954	3703.155	3888.604	4006.929	4121.526	4194.233	4317.11	4328.085	4448.556	4533.36	4487.266	4292.382	4091.433	3891.435	3704.084	3495.062	3111.881	
2832.642	2640.544	2538.702	2514.334	2528.946	2723.315	3051.172	3297.636	3373.414	3485.34	3523.743	3563.887	3667.686	3794.962	3928.087	4088.528	4169.078	4173.376	3934.934	3719.199	3673.791	3548.576	3301.889	3019.759	
2801.213	2626.374	2567.455	2544.719	2574.141	2808.929	3130.71	3400.46	3569.596	3825.54	3660.536	3766.279	3818.015	3881.886	3961.322	3982.825	3978.269	3826.673	3619.779	3499.879	3406.264	3327.871	3166.054	2955.964	
2736.855	2601.284	2485.667	2463.282	2431.732	2445.957	2524.385	2662.357	2871.716	3109.512	3292.647	3451.678	3464.635	3550.37	3584.176	3638.245	3699.889	3676.074	3570.675	3500.23	3459.447	3417.051	3246.864	3036.737	
2833.556	2696.735	2579.662	2547.524	2523.516	2503.559	2566.719	2594.559	2800.642	3019.178	3220.085	3334.527	3533.121	3574.018	3717.62	3794.764	3892.866	3684.346	3516.427	3428	3394.97	3316.253	3156.867	2882.478	
2673.134	2490.432	2452.114	2389.308	2500.354	2743.359	2988.987	3316.753	3548.907	3664.244	3780.651	3873.277	4005.674	4073.749	4202.949	4283.187	4332.736	4319.82	4095.346	3967.132	3803.032	3756.233	3450.204	3150.797	
2920.707	2744.155	2611.365	2584.821	2643.155	2799.781	3136.676	3449.309	3611.99	3755.893	3874.976	4034.415	4111.64	4176.54	4205.816	4217.98	4134.456	4131.089	3965.921	3778.862	3498.796	3395.306	3058.629	2755.132	
2519.448	2389.09	2233.932	2217.366	2199.963	2425.474	2680.805	2942.732	3065.016	3172.013	3227.64	3155.842	3139.952	3158.685	3161.576	3175.907	3222.58	3190.989	3076.258	2940.613	2850.021	2819.477	2600.018	2398.987	
2193.611	2053.77	2025.529	1982.457	2023.183	2197.501	2485.515	2698.771	2883.459	2997.339	3056.091	3112.252	3103.591	3185.75	3230.415	3326.658	3420.792	3461.211	3306.576	3184.536	3089.63	3002.567	2794.845	2547.575	
2308.188	2172.92	2067.822	2093.068	2095.654	2281.284	2511.048	2782.471	2954.781	3053.518	3095.568	3139.275	3235.557	3305.487	3423.358	3476.964	3592.766	3601.327	3494.223	3352.552	3151.49	3131.836	2922.304	2673.242	
2512.841	2342.674	2266.967	2238.061	2174.994	2193.841	2228.279	2417.187	2686.843	2937.074	3198.758	3420.66	3651.22	3857.046	4017.373	4195.754	4242.785	4260.844	4204.501	4084.557	3993.896	3891.876	3596.227	3384.584	
3143.689	2949.376	2815.385	2739.91	2681.692	2645.512	2693.763	2826.249	3107.448	3532.921	3779.238	3989.136	4109.342	4165.412	4128.801	4117.572	4107.789	4015.148	3925.902	3746.071	3561.757	3469.727	3193.249	2882.208	
2655.201	2429.7	2318.262	2310.782	2330.849	2472.685	2747.994	2984.615	3115.899	3233.631	3328.381	3369.583	3428.055	3518.737	3636.236	3699.577	3832.656	3854.673	3656.5	3528.999	3410.874	3348.499	3092.91	2854.388	
2602.881	2474.535	2373.816	2320.936	2378.644	2523.492	2795.927	3038.82	3189.926	3308.324	3374.226	3450.356	3529.102	3584.004	3678.336	3784.377	3899.724	3906.744	3775.312	3603.097	3358.285	3267.515	2966.207	2688.049	
2507.604	2320.675	2249.899	2262.381	2292.555	2522.179	2819.558	3051.046	3201.688	3305.658	3333.896	3448.57	3528.138	3619.448	3733.608	3863	3984.113	4014.402	3884.441	3756.964	3652.848	3544.994	3306.268	3064.723	
2792.709	2643.504	2536.781	2492.223	2589.294	2767.888	3097.765	3315.545	3486.562	3518.819	3618.861	3746.984	3844.89	4020.045	4154.345	4290.995	4341.928	4370.84	4094.544	3870.673	3749.27	3539.698	3211.637	2882.933	
2651.01	2475.362	2420.675	2361.829	2357.602	2538.329	2778.518	3029.27	3186.459	3296.378	3364.067	3444.148	3580.727	3609.02	3716.451	3836.246	3913.868	3923.638	3756.166	3530.586	3356.38	3244.514	3063.501	2795.225	
2589.116	2395.551	2310.871	2266.902	2218.798	2183.404	2227.274	2388.988	2674.642	2904.662	3131.799	3224.744	3334.795	3397.843	3461.947	3521.809	3609.366	3599.961	3560.663	3353.312	3220.383	3135.437	2983.456	2782.442	
2586.579	2399.009	2296.4	2260.022	2173.269	2183.853	2166.907	2315.246	2527.051	2762.551	2978.641	3161.247	3350.496	3469.6	3587.592	3730.026	3815.034	3839.92	3793.038	3679.891	3557.484	3508.88	3282.267	2993.607	
2730.794	2570.519	2441.298	2458.076	2471.671	2613.898	2904.705	3167.71	3390.578	3614.553	3796.451	3998.877	4169.806	4308.071	4440.193	4542.038	4664.538	4636.586	4458.699	4277.47	4156.785	3957.736	3690.824	3340.713	
3080.491	2882.061	2772.539	2725.466	2774.041	2959.228	3233.777	3520.604	3830.108	4150.218	4406.764	4585.369	4733.494	4755.461	4421.557	4063.051	4065.177	4056.026	3863.582	3708.153	3579.776	3487.445	3272.006	3002.453	
2766.754	2600.877	2542.48	2469.397	2518.104	2708.032	2981.144	3248.693	3454.939	3632.361	3711.064	3790.082	3845.198	3862.839	3894.154	3957.661	3927.559	3894.245	3799.999	3695.635	3541.357	3484.24	3286.399	2951.93	
2776.499	2580.803	2463.048	2483.511	2530.382	2752.881	3060.085	3263.983	3379.43	3501.427	3637.199	3720.134	3784.083	3915.075	3902.047	3969.937	4047.898	4001.053	3808.064	3736.879	3646.9	3570.706	3323.383	3061.069	
2806.713	2660.737	2560.857	2498.877	2539.769	2721.962	2966.074	3277.352	3549.216	3677.217	3782.948	3954.041	4064.741	4132.244	4220.365	4242.668	4268.365	4206.51	3988.039	3710.011	3552.714	3462.812	3265.741	3037.237	
2790.347	2596.328	2486.47	2419.067	2420.687	2423.381	2475.477	2627.8	2922.795	3163.255	3430.356	3489.219	3586.435	3603.259	3673.266	3706.916	3756.396	3771.104	3700.01	3598.092	3396.983	3343.579	3155.123	2919.108	
2696.618	2513.121	2406.861	2307.968	2263.853	2239.281	2242.346	2427.648	2639.344	2942.341	3109.166	3319.054	3447.483	3558.316	3669.845	3729.019	3803.789	3755.399	3718.368	3568.575	3467.917	3358.567	3176.033	2932.131	
2714.623	2584.638	2492.518	2453.307	2509.298	2726.363	2958.62	3267.005	3484.199	3725.108	3875.276	4038.798	4208.191	4319.423	4491.829	4523.206	4499.628	4479.307	4275.405	4115.392	3992.801	3841.33	3560.269	3241.204	
2973.45	2819.562	2778.449	2704.09	2784.006	2999.43	3308.03	3544.719	3724.781	3860.664	4078.041	4213.164	4326.872	4311.711	4418.894	4599.375	4697.545	4721.763	4423.074	3995.392	3749.516	3649.146	3343.513	3047.715	
2799.111	2623.897	2525.098	2485.433	2496.491	2709.288	2960.901	3239.041	3489.15	3632.373	3727.962	3846.462	3878.019	3896.336	3976.38	4053.963	4085.162	4090.815	3901.956	3735.466	3480.763	3388.509	3140.929	2845.02	
2564.909	2425.509	2301.519	2264.967	2353.029	2490.408	2703.252	2966.013	3181.529	3390.843	3512.727	3661.8	3768.359	3866.742	4008.855	4079.865	4171.814	4125.75	4005.872	3815.141	3644.504	3530.705	3280.62	3028.84	
2795.622	2657.621	2557.918	2524.829	2529.576	2715.38	2947.065	3281.465	3486.337	3687.384	3833.83	4045.693	4251.355	4376.009	4471.647	4539.099	4562.625	4537.657	4236.981	4031.107	3822.236	3717.288	3417.53	3170.487	
2948.315	2723.642	2587.301	2482.472	2440.511	2404.554	2421.607	2539.085	2799.544	2993.702	3104.58	3221.797	3232.351	3205.503	3288.02	3286.436	3333.396	3344.196	3261.175	3126.189	3057.398	3031.986	2890.576	2739.45	
2553.225	2428.459	2325.526	2282.464	2258.371	2271.283	2227.355	2309.926	2413.749	2514.162	2624.625	2740.011	2801.673	2917.141	2912.608	2919.141	2852.928	2789.634	2818.051	2746.312	2783.715	2787.434	2726.113	2574.263	
2456.967	2328.836	2304.674	2283.664	2290.72	2308.95	2383.736	2467.654	2614.471	2701.937	2878.432	2922.138	2984.659	2973.351	3044.6	3038.619	3055.424	3077.191	3075.332	3064.214	3060.96	3048.808	2984.039	2827.317	
2647.517	2563.737	2485.92	2504.129	2531.278	2763.168	3061.675	3296.592	3610.86	3848.73	4065.895	4236.676	4353.918	4442.877	4604.864	4694.675	4880.276	4801.894	4635.136	4364.087	4211.062	4134.435	3857.622	3561.685	
3273.585	3059.337	2937.825	2853.033	2868.109	3094.433	3367.055	3696.001	3905.662	4218.923	4483.815	4650.171	4817.026	4909.625	5035.062	5098.99	5136.101	5131.786	5000.876	4736.786	4533.153	4426.239	4060.581	3720.582	
3448.471	3269.773	3101.288	3022.318	3089.343	3266.256	3583.316	3865.528	4111.201	4367.933	4576.571	4801.46	4912.071	5026.514	5079.551	5131.148	5051.902	5051.368	4899.105	4718.711	4543.587	4420.78	4057.986	3747.426	
3425.31	3265.577	3092.337	3032.894	3027.643	3190.271	3430.101	3770.704	4095.546	4333.222	4569.958	4765.25	4948.265	4904.682	4972.338	4841.6	4751.339	4853.295	4748.498	4545.322	4272.932	4127.581	3885.603	3629.694	
3371.387	3161.861	3058.854	2963.967	2865.332	2867.85	2872.145	3037.944	3413.222	3751.756	4026.68	4229.362	4354.563	4410.199	4456.121	4452.712	4436.237	4430.264	4400.767	4235.727	4089.54	3981.315	3744.839	3465.717	
3173.803	2994.598	2787.166	2723.589	2652.118	2599.761	2560.209	2748.156	2955.875	3229.137	3392.721	3518.051	3585.217	3672.65	3738.612	3837.582	3939.594	3979.008	3995.088	3850.413	3772.234	3721.297	3439.595	3193.657	
2916.614	2746.963	2661.457	2574.478	2676.063	2771.139	3027.516	3294.192	3564.912	3678.466	3881.737	3981.584	4168.185	4288.016	4370.344	4489.147	4502.033	4564.775	4382.209	4224.831	3977.945	3772.084	3454.509	3118.758	
2755.13	2583.198	2513.319	2473.219	2531.502	2664.494	2891.601	3198.661	3493.414	3847.306	4119.178	4324.037	4504.817	4657.681	4723.576	4779.973	4818.369	4808.507	4713.96	4383.504	4208.402	4034.525	3678.353	3400.863	
3105.19	2936.862	2869.844	2796.82	2888.159	3081.255	3409.959	3681.671	3851.405	3987.258	4158.732	4365.927	4542.879	4671.42	4787.094	4813.208	4935.989	4948.664	4800.987	4575.838	4407.486	4252.369	3967.242	3655.11	
3400.362	3216.38	3091.058	3051.268	3057.371	3223.122	3475.709	3746.627	4119.285	4338.448	4666.991	4867.53	5021.506	5145.822	5100.393	5195.211	5249.34	5291.706	5242.176	5038.218	4829.22	4663.366	4357.673	3997.592	
3661.895	3442.059	3245.75	3164.749	3144.66	3303.303	3532.374	3771.234	4022.561	4345.479	4443.354	4476.065	4573.558	4743.518	4836.123	4864.756	4851.978	4832.252	4682.383	4409.485	4206.562	4134.714	3803.834	3544.957	
3281.979	3099.589	2933.191	2855.874	2802.834	2792.967	2841.987	3066.466	3408.944	3821.176	3983.959	4215.336	4362.894	4430.857	4532.07	4599.854	4552.45	4304.571	3931.883	3748.834	3668.517	3578.224	3406.087	3221.319	
2994.641	2834.875	2741.173	2624.519	2608.81	2570.193	2574.899	2760.474	3008.121	3279.109	3589.176	3803.832	3934.407	4080.649	4187.559	4274.126	4393.435	4454.465	4434.061	4329.641	4245.312	4185.208	3963.386	3638.322	
3422.036	3243.882	3137.522	3094.119	3135.326	3304.077	3536.349	3874.594	4143.823	4469.693	4762.902	4939.893	5142.209	5250.501	5285.225	5277.821	4882.479	4487.7	4316.884	4189.789	4086.013	3997.435	3713.437	3401.591	
3145.576	2992.361	2849.132	2837.078	2864.78	3076.805	3331.452	3613.222	3866.093	4079.818	4245.966	4422.494	4520.053	4595.108	4712.48	4669.43	4718.01	4778.575	4683.465	4454.596	4289.888	4151.977	3777.485	3289.096	
2981.983	2811.012	2682.355	2652.964	2650.834	2855.959	3098.727	3391.458	3635.732	3837.208	4033.368	4165.107	4240.719	4321.961	4391.827	4465.541	4550.922	4530.323	4356.98	4125.216	3907.163	3784.669	3471.893	3204.817	
2881.06	2705.572	2646.425	2547.397	2605.922	2782.609	3035.056	3317.134	3629.245	3822.305	3997.305	4179.239	4318.67	4473.288	4549.076	4711.11	4741.471	4761.793	4605.437	4390.309	4231.297	4056.499	3760.401	3485.951	
3211.662	3021.591	2917.303	2844.911	2873.738	3047.698	3297.126	3562.236	3854.547	4098.712	4331.588	4551.857	4690.785	4852.583	5018.425	5056.758	5124.202	5121.297	4944.899	4740.315	4564.371	4437.721	4153.306	3867.01	
3612.181	3361.121	3251.548	3137.518	3063.461	3063.065	3081.1	3340.261	3698.364	4048.672	4362.037	4623.114	4763.307	4888.444	4971.144	5029.39	5049.124	5025.4	4914.363	4785.998	4696.317	4603.554	4325.039	4104.367	
3819.867	3629.877	3425.692	3307.026	3233.575	3130.136	3046.104	3175.1	3486.59	3847.86	4080.256	4302.333	4485.955	4614.435	4726.07	4862.835	4909.45	5009.785	4946.543	4833.749	4766.255	4655.881	4386.205	4106.231	
3853.687	3697.267	3586.84	3535.886	3546.764	3697.66	3895.871	4162.773	4428.22	4755.265	5038.247	5271.799	5482.441	5619.84	5691.315	5813.24	5771.979	5605.428	5376.921	5169.237	5072.684	4897.239	4571.039	4210.821	
3858.829	3640.668	3464.765	3429.451	3405.269	3610.829	3809.465	4090.339	4382.155	4596.091	4849.785	5033.415	5151.852	5224.689	5305.135	5364.006	5380.046	5307.991	5179.109	4920.856	4750.351	4614.348	4296.743	4000.15	
3773.936	3563.516	3503.146	3404.835	3459.237	3662.383	3849.896	4086.247	4232.559	4455.7	4587.048	4755.779	4839.352	4965.767	5081.512	5222.272	5306.976	5341.778	5091.196	4926.585	4811.583	4624.977	4383.592	4006.149	
3754.891	3565.624	3415.78	3349.887	3373.823	3571.065	3824.497	4074.474	4319.359	4590.569	4794.593	4963.916	5072.262	5206.923	5333.215	5281.861	5012.127	4753.638	4485.627	4338.329	4248.15	4091.499	3813.105	3592.486	
3339.942	3200.944	3105.084	3062.668	3108.214	3258.715	3473.607	3631.627	3819.459	4008.068	4173.506	4334.798	4482.828	4620.805	4735.644	4853.395	4880.278	4914.31	4667.094	4471.343	4290.65	4178.491	3892.004	3629.637	
3399.918	3213.71	3060.74	2970.476	2939.41	2945	2962.297	3156.701	3406.16	3686.1	3955.032	4184.907	4298.613	4243.721	4337.383	4418.04	4360.496	4304.7	4134.368	4024.373	3825.516	3658.018	3473.982	3276.664	
3125.96	2952.818	2834.652	2757.748	2735.018	2754.85	2731.278	2875.128	3152.785	3430.278	3691.565	3922.572	4113.016	4288.794	4375.884	4514.552	4602.053	4368.445	4159.993	4044.146	4065.055	3939.069	3738.4	3513.086	
3267.845	3120.586	3033.585	2993.881	3010.582	3235.499	3485.43	3712.772	3920.269	4104.24	4332.97	4605.676	4750.56	4855.501	4946.22	5002.905	5022.372	4934.478	4712.741	4493.475	4351.985	4141.725	3804.368	3505.154	
3235.882	3024.067	2960.532	2909.823	2979.569	3162.01	3452.477	3703.226	3904.3	4043.587	4266.371	4416.299	4546.615	4681.051	4760.355	4824.449	4865.48	4882.378	4664.755	4445.453	4307.632	4127.5	3842.591	3434.998	
3147.324	2935.435	2815.8	2745.191	2774.286	2961.77	3192.355	3430.234	3596.459	3769.721	3875.56	4018.894	4130.806	4238.032	4289.89	4292.239	4299.168	4224.206	4050.027	3884.839	3775.526	3642.641	3362.763	3109.077	
2858.439	2667.304	2589.297	2523.563	2555.923	2848.342	2939.731	3265.772	3455.528	3662.184	3834.158	3945.57	4059.34	4177.93	4267.828	4352.552	4424.045	4406.838	4216.969	3742.818	3814.417	3672.164	3421.495	3151.596	
2933.254	2768.458	2697.467	2652.2	2699.783	2923.084	3166.804	3383.636	3575.463	3690.486	3801.085	3895.43	4018.671	4136.552	4197.738	4233.69	4224.79	4227.342	4087.08	3907.29	3833.901	3722.575	3550.416	3328.331	
3125.664	2988.065	2895.184	2833.028	2799.12	2836.134	2893.542	2992.755	3332.821	3691.157	3952.548	4202.048	4362.42	4430.659	4404.283	4292.791	4353.74	4403.168	4347.652	4228.64	4125.678	4004.807	3783.613	3522.68	
3217.139	2976.512	2812.362	2700.143	2616.729	2584.785	2532.505	2636.131	2880.126	3180.167	3405.018	3598.641	3717.821	3834.729	3949.3	4038.628	4119.718	4133.457	4097.993	3968.008	3860.703	3741.933	3477.469	3207.852	
2977.642	2835.233	2702.242	2705.691	2724.672	2923.224	3130.739	3343.075	3593.461	3813.186	4077.114	4252.291	4387.612	4506.306	4486.644	4428.692	4266.275	4174.755	4021.504	3816.218	3709.165	3546.153	3280.705	2996.665	
2759.477	2604.455	2509.256	2486.717	2511.561	2730.096	2981.178	3198.881	3369.035	3480.343	3592.891	3691.828	3838.126	3899.3	3973.593	3954.509	3998.743	4018.058	3893.785	3810.69	3819.623	3690.088	3478.935	3230.493	
3046.217	2918.334	2802.193	2831.736	2896.315	3135.365	3488.958	3674.997	3960.657	4163.215	4444.107	4635.891	4781.135	4899.545	4997.165	5112.567	5162.576	5186.962	5003.475	4761.441	4622.419	4415.608	4131.329	3843.469	
3555.169	3390.335	3255.395	3210.326	3225.142	3440.426	3655.394	3938.278	4266.24	4708.155	4769.841	4988.607	5173.303	5284.74	5394.924	5469.419	5482.72	5450.091	5254.585	5004.595	4856.126	4643.294	4354.438	4047.506	
3805.006	3577.994	3453.777	3392.489	3438.481	3617.787	3828.414	4061.11	4386.313	4623.565	4941.901	5138.914	5317.935	5465.194	5512.466	5461.032	5507.129	5512.778	5337.331	5101.286	4930.099	4787.344	4492.787	4209.987	
3966.04	3780.444	3628.425	3497.808	3432.799	3438.801	3432.133	3608.596	3963.108	4328.953	4641.316	4893.475	5090.695	5160.309	5236.557	5286.061	5335.644	5289.31	5200.721	5055.556	5002.487	4833.2	4617.885	4358.629	
4136.88	3947.219	3782.692	3640.542	3551.06	3498.329	3487.955	3569.842	3899.113	4231.434	4495.061	4720.639	4892.83	4985.684	5074.848	5131.539	5152.412	5167.565	5154.518	4973.782	4753.225	4420.479	4170.295	3888.25	
3641.254	3458.376	3353.83	3297.428	3328.298	3478.841	3625.283	3871.106	4103.982	4367.96	4590.254	4850.855	5033.792	5231.123	5388.723	5475.498	5469.566	5291.186	4806.304	4451.836	4345.492	4012.471	3773.051	3494.294	
3263.655	3112.958	3042.773	2971.791	3022.687	3228.896	3485.853	3720.314	3968.727	4164.34	4423.107	4712.378	4889.578	5149.955	5293.36	5425.328	5420.585	5337.106	5109.296	4888.658	4888.839	4636.06	4324.639	4058.297	
3776.871	3532.982	3374.697	3324.536	3329.3	3507.328	3702.226	3990.166	4246.42	4437.944	4624.572	4800.505	4933.537	5041.169	5119.341	5247.881	5272.876	5250.407	5091.54	4870.954	4757.325	4196.706	3834.931	3527.987	
3324.649	3181.894	3053.611	3039.653	3091.919	3270.598	3560.043	3738.012	3879.022	4071.835	4263.903	4459.687	4610.541	4749.788	4862.787	4963.582	4980.103	5002.496	4794.171	4512.79	4442.707	4239.107	3953.557	3719.235	
3382.67	3171.108	3061.945	2936.213	2972.011	3110.022	3362.528	3542.89	3826.252	4029.55	4265.873	4406.147	4514.948	4647.598	4761.426	4825.322	4807.31	4804.899	4574.99	4281.054	4120.05	3939.97	3686.359	3416.8	
3178.292	3003.273	2886.805	2770.011	2736.445	2720.354	2787.922	2917.694	3255.198	3582.212	3858.297	4028.957	4215.213	4268.941	4370.815	4377.594	4440.063	4385.191	4289.108	4061.477	3967.317	3836.778	3609.213	3390.995	
3206.674	3035.055	2971.3	2891.67	2883.907	2852.026	2864.864	2983.494	3199.206	3407.916	3576.183	3818.617	4021.163	4238.314	4277.779	4124.037	3960.616	3969.894	3944.631	3860.051	3877.424	3755.537	3447.728	3147.977	
2889.332	2715.292	2646.464	2595.406	2670.624	2849.261	3038.842	3260.697	3420.974	3630.776	3735.112	3889.347	3986.487	4103.551	4150.971	4201.882	4216.956	4239.738	4040.396	3838.095	3707.417	3511.81	3209.09	2935.862	
2713.634	2528.158	2436.194	2428.157	2467.244	2645.834	2882.957	3095.995	3282.232	3461.427	3579.551	3692.848	3829.238	3951.598	4046.499	4149.881	4222.654	4203.011	4061.383	3847.575	3734.774	3497.426	3210.725	2946.683	
2700.093	2574.157	2466.427	2437.096	2514.309	2695.216	2937.942	3177.31	3380.397	3546.958	3700.669	3896.955	4050.846	4200.57	4362.066	4481.763	4507.861	4451.345	4297.755	4082.241	3996.296	3742.866	3442.888	3086.763	
2881.839	2723.062	2645.008	2566.072	2666.349	2833.453	3129.304	3370.201	3582.565	3818.88	4006.308	4188.58	4364.79	4580.967	4770.586	4801.89	4934.787	4961.298	4748.955	4562.727	4463.224	4260.213	3960.166	3678.219	
3402.9	3211.826	3098.181	3078.364	3110.486	3335.709	3628.705	3870.833	4164.04	4492.296	4719.7	4885.33	5016.47	5168.725	5226.264	5263.361	5375.955	5304.843	5109.792	4798.105	4649.937	4409.5	4125.773	3837.928	
3594.38	3373.334	3248.031	3101.045	3028.153	3006.866	3036.834	3137.083	3497.371	3811.695	4067.294	4236.192	4404.639	4472.676	4528.811	4599.957	4632.29	4591.832	4459.456	4288.467	4171.763	3980.11	3725.157	3480.874	
3223.385	3048.217	2925.638	2845.302	2785.13	2798.102	2790.504	2869.608	3127.421	3405.678	3685.468	3901.871	4056.668	4152.616	4307.144	4367.873	4413.31	4447.414	4346.697	4242.554	4197.063	4025.53	3702.956	3414.479	
3146.861	2954.097	2892.936	2823.537	2906.954	3119.785	3400.344	3619.187	3799.838	4014.787	4238.387	4485.914	4704.577	4752.826	4940.907	5057.686	5171.452	5162.663	4975.235	4747.631	4604.006	4352.519	3995.632	3670.647	
3359.233	3139.235	2963.325	2901.026	2905.788	3074.293	3359.914	3557.887	3720.281	3930.573	4123.759	4301.714	4467.612	4650.872	4719.052	4837.775	4898.683	4860.826	4624.944	4381.842	4268.3	3952.953	3660.3	3304.347	
3058.113	2864.83	2771.322	2724.028	2760.128	2985.977	3270.016	3505.816	3746.436	3995.565	4233.86	4431.415	4605.699	4766.336	4866.837	4986.682	5027.274	5024.254	4811.35	4621.953	4531.981	4271.234	3941.507	3630.23	
3306.616	3143.293	2988.4	2914.937	2981.616	3208.112	3510.979	3740.398	3783.535	3790.039	3847.764	3938.237	3988.811	4011.839	4099.547	4113.546	4217.677	4231.856	4064.32	3925.884	3819.071	3620.217	3361.413	3067.505	
2890.947	2682.058	2533.231	2489.611	2456.147	2670.398	2897.539	3085.035	3213.204	3390.303	3495.569	3586.896	3662.694	3726.334	3779.351	3799.893	3803.696	3755.333	3533.706	3424.29	3319.515	3152.427	3008.001	2803.447	
2616.077	2489.265	2402.692	2372.442	2339.925	2385.115	2413.961	2496.877	2689.452	2894.939	3001.883	3100.251	3128.854	3129.946	3176.638	3196.151	3208.181	3225.047	3149.787	3127.54	3083.831	3023.384	2921.334	2733.491	
2561.544	2411.553	2375.106	2312.686	2291.572	2276.615	2330.984	2327.979	2467.729	2656.373	2807.186	2920.938	3008.037	3099.326	3163.127	3242.436	3315.795	3302.226	3230.868	3161.38	3110.765	3020.73	2823.507	2678.888	
2511.465	2382.607	2292.313	2283.699	2261.854	2305.511	2354.604	2413.266	2554.179	2780.953	2988.519	3149.73	3285.483	3466.757	3597.988	3702.68	3770.733	3844.1	3740.932	3655.419	3645.68	3426.305	3184.118	2918.073	
2715.601	2532.178	2464.906	2440.79	2535.952	2703.799	3026.128	3229.391	3437.185	3616.983	3806.472	3937.323	4096.475	4245.39	4445.006	4579.626	4690.059	4714.069	4479.102	4321.576	4175.945	3882.903	3551.46	3235.461	
2946.533	2781.899	2674.33	2602.002	2681.846	2867.366	3247.454	3414.244	3557.806	3732.522	3993.42	4187.287	4460.661	4693.581	4858.789	5046.999	5084.762	4925.201	4460.26	4292.563	4180.842	3981.22	3697.296	3396.509	
3156.311	3013.441	2894.935	2876.822	2948.901	3156.744	3531.292	3761.497	3943.365	4230.055	4472.585	4692.233	4873.047	5047.967	5104.942	5190.667	5209.12	5202.563	5126.988	4984.216	4810.256	4548.194	4235.998	3949.094	
3643.399	3475.488	3320.766	3266.371	3292.017	3494.244	3791.053	3999.414	4183.779	4466.44	4725.889	4909.752	5080.593	5174.233	5210.679	5280.858	5347.38	5313.592	5026.418	4842.495	4656.922	4427.921	4141.284	3876.163	
3667.519	3433.61	3300.804	3162.755	3093.222	3099.897	3135.13	3252.387	3606.052	3963.828	4292.909	4570.7	4743.547	4861.997	4909.056	4956.754	4954.416	4888.006	4751.639	4680.91	4589.459	4409.375	4164.674	3926.788	
3682.515	3496.866	3353.362	3276.507	3202.175	3179.221	3163.499	3152.567	3323.675	3491.451	3580.68	3674.707	3769.637	3799.453	3849.244	3927.119	3912.699	3868.885	3801.311	3698.58	3627.373	3475.7	3236.91	2941.736	
2750.294	2580.582	2520.502	2465.346	2538.799	2694.834	2977.077	3114.79	3279.318	3377.262	3511.861	3665.905	3753.595	3885.273	3992.605	4084.736	4145.343	4148.958	3939.347	3769.135	3685.833	3410.834	3141.294	2856.818	
2657.181	2533.487	2476.162	2439.216	2528.558	2744.227	3093.98	3300.941	3449.608	3618.288	3775.095	3934.697	4073.146	4266.395	4398.673	4550.555	4630.37	4642.226	4438.569	4271.621	4113.258	3850.972	3552.135	3191.588	
2946.54	2757.816	2667.022	2611.451	2666.53	2845.125	3198.642	3394.354	3564.291	3803.789	4039.102	4245.06	4391.698	4505.934	4638.734	4736.631	4800.838	4742.647	4522.685	4312.865	4109.17	3811.062	3526.711	3232.927	
3012.724	2813.017	2712.614	2666.215	2655.601	2843.404	3131.607	3287.926	3333.593	3421.176	3499.811	3535.701	3608.877	3629.824	3744.231	3724.171	3755.072	3701.693	3535.166	3475.386	3456.975	3224.379	3029.475	2761.477	
2568.114	2416.929	2341.076	2324.461	2364.094	2571.254	2894.629	3084.557	3228.52	3276.046	3367.119	3461.69	3529.44	3546.403	3557.514	3641.899	3635.24	3597.921	3428.449	3392.478	3299.234	3126.869	2968.77	2772.264	
2592.064	2436.606	2362.549	2311.213	2307.004	2352.469	2440.259	2533.934	2743.277	2918.878	3074.834	3219.307	3360.981	3420.926	3511.632	3443.7	3441.112	3442.511	3440.625	3389.28	3410.876	3270.168	3128.619	2944.324	
2768.433	2641.322	2540.566	2496.769	2470.601	2498.582	2530.044	2634.192	2846.793	3049.408	3327.626	3555.542	3727.124	3928.43	4042.105	4060.647	4057.043	4075.142	4041.447	4024.634	4000.88	3841.68	3613.465	3337.09	
3136.624	2943.484	2920.089	2916.613	3036.312	3212.815	3602.12	3807.161	3855.297	3872.383	3901.22	3866.061	3830.271	3858.935	3824.559	3786.19	3830.63	3830.564	3716.173	3722.798	3609.98	3424.254	3176.897	2900.16	
2709.544	2556.558	2503.627	2452.896	2525.546	2737.88	3117.315	3309.534	3394.072	3507.698	3554.491	3653.574	3702.095	3808.586	3855.412	3890.939	3895.542	3886.11	3771.588	3720.617	3673.759	3464.068	3173.98	2936.244	
2682.698	2584.305	2511.477	2452.75	2558.739	2730.844	3115.703	3307.873	3378.238	3482.83	3591.615	3657.354	3801.899	3874.51	3937.484	3975.247	4023.695	3972.807	3828.723	3757.422	3686.816	3484.088	3190.084	2915.87	
2676.118	2538.656	2417.513	2371.091	2444.384	2601.502	2925.326	3130.821	3211.794	3338.868	3595.731	3662.608	3802.397	3983.161	4067.389	4155.275	4248.204	4219.068	3951.952	3847.357	3651.514	3445.902	3144.779	2885.587	
2668.777	2487.139	2389.698	2371.132	2390.112	2582.57	2901.068	3089.538	3236.041	3419.472	3591.743	3713.97	3899.153	3992.154	4157.732	4277.434	4404.348	4359.853	4123.218	3951.835	3774.352	3567.54	3293.078	3091.035	
2848.473	2712.613	2605.298	2502.087	2490.915	2457.416	2581.193	2666.326	2916.908	3143.53	3200.864	3231.86	3238.269	3142.057	3081.081	3041.38	3079.51	3024.034	2991.883	3047.177	2991.622	2877.613	2719.645	2538.669	
2403.398	2292.93	2188.968	2130.977	2076.359	2089.419	2124.154	2147.236	2295.773	2401.758	2541.503	2569.643	2672.485	2719.781	2791.073	2829.788	2891.216	2946.636	2889.911	2926.061	2913.871	2770.783	2582.013	2404.52	
2227.756	2157.962	2084.522	2095.858	2183.639	2393.245	2753.576	2961.345	3057.109	3168.323	3162.938	3217.824	3205.23	3225.162	3182.521	3207.127	3205.215	3150.823	3118.187	3174.978	3034.691	2867.453	2678.653	2507.51	
2340.322	2239.691	2185.125	2189.115	2241.623	2499.488	2833.976	3042.357	3081.962	3087.332	3139.279	3154.154	3170.401	3253.197	3327.003	3351.806	3445.456	3421.952	3280.386	3260.146	3128.02	2957.013	2747.568	2498.5	
2330.633	2202.888	2160.714	2154.095	2215.511	2432.002	2816.847	3046.738	3177.539	3149.566	3206.542	3209.555	3272.581	3251.817	3247.993	3275.095	3299.524	3248.459	3251.069	3250.61	3114.699	3007.732	2737.127	2588.982	
2404.313	2288.398	2263.609	2209.705	2307.975	2485.994	2884.473	3119.055	3242.073	3273.465	3339.384	3350.302	3342.879	3332.818	3296.452	3266.863	3279.396	3229.793	3184.691	3151.975	3022.802	2848.572	2680.523	2460.244	
2269.844	2228.049	2156.544	2136.744	2180.144	2352.081	2661.576	2856.256	2987.822	2996.412	3074.068	3103.851	3083.587	3097.492	3093.367	3073.513	3090.961	3070.836	3004.041	2964.807	2823.286	2734.095	2571.791	2424.917	
2278.62	2172.917	2101.498	2113.739	2062.74	2095.776	2210.408	2331.523	2506.137	2634.015	2707.085	2766.622	2778.686	2739.668	2730.563	2669.786	2679.113	2682.651	2680.604	2774.681	2758.783	2705.357	2575.042	2438.759	
2301.228	2220.024	2157.15	2113.325	2100.203	2101.794	2210.069	2217.96	2369.167	2515.476	2620.8	2668.675	2732.114	2773.663	2796.128	2862.226	2871.628	2942.334	2900.461	3010.869	2984.183	2882.962	2703.913	2537.22	
2366.247	2256.771	2201.144	2187.786	2244.634	2447.178	2752.21	2930.176	3022.772	3146.574	3217.313	3224.615	3288.465	3308.487	3340.435	3368.721	3371.767	3348.006	3230.065	3199.16	3075.172	2943.225	2668.523	2421.522	
2278.687	2138.433	2108.841	2082.111	2108.26	2292.598	2672.025	2829.608	2920.846	3026.879	3060.151	3142.695	3176.434	3206.058	3241.655	3268.947	3303.2	3242.425	3102.964	3123.578	3021.206	2841.259	2599.591	2436.915	
2222.184	2131.389	2064.146	2065.161	2112.053	2307.242	2610.07	2837.287	2930.827	2946.254	2994.369	3014.987	3060.231	3063.482	3077.466	3113.256	3126.161	3103.257	2997.721	3047.491	2903.376	2794.796	2579.652	2359.997	
2197.411	2126.575	2030.844	2044.729	2115.673	2302.909	2654.467	2845.043	2916.93	2976.986	3026.469	3047.555	3056.342	3091.787	3030.094	3079.653	3063.01	3098.445	3018.621	3071.62	2941.975	2786.438	2589.994	2407.52	
2251.249	2150.518	2109.446	2069.03	2147.408	2320.029	2658.444	2888.926	2979.529	3032.9	3068.95	3073.513	3118.574	3082.121	3103.695	3102.488	3110.358	3101.441	3043.538	3045.893	2876.584	2781.473	2604.68	2465.77	
2323.021	2236.179	2166.307	2145.499	2106.455	2189.707	2230.915	2341.188	2523.162	2662.011	2798.254	2827.441	2852.803	2811.454	2778.953	2776.765	2717.547	2721.415	2792.947	2795.65	2767.539	2694.822	2536.833	2412.543	
2292.309	2177.495	2116.625	2045.511	1999.988	2023.207	2090.847	2138.295	2255.879	2335.559	2390.089	2400.724	2403.154	2415.947	2462.726	2439.496	2493.699	2526.777	2583.601	2673.393	2665.238	2560.47	2369.148	2290.651	
2099.579	2015.9	1963.438	1951.752	1993.485	2151.162	2385.459	2504.468	2594.866	2630.657	2670.648	2639.036	2683.55	2675.068	2659.564	2705.984	2712.524	2762.699	2769.302	2855.833	2724.728	2634.132	2466.171	2266.482	
2134.351	2035.429	2011.417	1993.737	2073.947	2300.011	2625.326	2873.174	2884.232	2894.687	2876.05	2853.498	2856.835	2880.785	2856.708	2867.682	2904.361	2916.395	2847.428	2882.917	2811.279	2636.205	2456.835	2282.12	
2137.501	2046.136	1999.554	2024.295	2079.937	2267.451	2588.436	2779.28	2848.661	2883.531	2905.595	2895.728	2928.773	2900.731	2905.177	2911.236	2968.631	2943.753	2923.76	2897.759	2843.698	2674.508	2486.917	2307.974	
2146.999	2061.036	2029.378	1997.893	2072.578	2260.306	2634.1	2816.146	2853.909	2906.531	2939.867	2962.457	2995.627	2954.749	2965.533	2971.263	2992.549	2932.556	2906.107	2947.105	2809.85	2676.031	2482.2	2276.145	
2126.03	2057.437	1971.373	2003.394	2042.49	2268.882	2585.584	2798.736	2826.121	2856.651	2834.859	2827.962	2818.906	2824.231	2832.305	2838.099	2853.306	2789.335	2816.914	2770.004	2657.594	2569.218	2414.948	2258.474	
2129.739	2047.343	1993.015	1957.774	1990.366	2012.665	2135.932	2248.353	2407.783	2479.491	2508.837	2497.135	2488.853	2444.995	2425.097	2426.224	2438.603	2445.613	2496.373	2600.368	2537.21	2468.314	2374.913	2262.928	
2135.842	2019.032	1996.92	1958.288	1935.339	2000.583	2044.172	2122.919	2231.302	2303.93	2364.345	2420.248	2447.778	2473.059	2510.459	2552.257	2567.684	2639.94	2730.573	2802.299	2748.059	2659.661	2485.672	2308.483	
2186.273	2097.314	2012.921	2018.35	2088.449	2314.397	2636.465	2822.488	2913.555	2971.165	3091.964	3185.637	3221.587	3302.876	3348.27	3371.774	3409.357	3345.164	3342.238	3278.149	3108.706	2972.368	2719.485	2488.755	
2309.358	2234.529	2128.15	2112.817	2162.37	2368.723	2737.379	2944.021	3019.54	3104.61	3208.35	3270.28	3362.211	3446.357	3507.992	3547.153	3635.744	3558.088	3450.785	3467.907	3286.832	3116.898	2881.11	2646.817	
2445.306	2307.539	2241.836	2210.908	2244.693	2477.863	2793.02	3062.609	3138.85	3243.832	3308.74	3403.947	3570.491	3649.966	3736.594	3774.896	3848.379	3807.673	3677.575	3672.608	3518.033	3299.476	3078.63	2842.667	
2647.804	2497.579	2412.921	2376.795	2388.704	2579.203	2873.916	3070.959	3154.523	3226.902	3371.791	3488.394	3640.126	3751.738	3810.727	3858.779	3850.9	3816.748	3681.176	3632.081	3458.93	3242.082	2985.12	2777.762	
2513.547	2393.318	2308.648	2261.551	2328.351	2534.347	2834.919	3072.926	3154.181	3225.684	3336.329	3419.198	3494.402	3575.206	3313.732	3169.439	3130.118	3102.499	3042.838	2953.181	2773.519	2657.77	2452.9	2322.238	
2172.686	2056.889	1976.379	1976.232	1960.8	1946.812	2060.778	2200.414	2342.724	2462.055	2460.684	2496.825	2468.303	2410.004	2396.799	2409.738	2375.898	2424.106	2524.555	2574.167	2544.377	2483.334	2400.914	2276.569	
2154.913	2064.082	2049.519	1987.896	1966.02	2008.09	2108.743	2063.993	2274.02	2351.127	2398.805	2369.983	2394.72	2404.897	2396.552	2416.929	2413.639	2457.361	2591.859	2653.441	2627.418	2532.484	2376.616	2219.904	
2088.638	2023.361	1958.127	1958.518	2036.311	2241.37	2564.964	2781.783	2823.218	2881.649	2912.905	2871.85	2866.083	2915.245	2869.799	2844.316	2900.431	2887.472	2892.748	2903.907	2762.987	2641.869	2428.408	2274.277	
2110.913	2018.705	2013.868	1999.977	2084.237	2291.856	2657.011	2892.962	2906.201	2890.739	2859.82	2826.714	2810.095	2829.281	2795.414	2813.702	2834.168	2826.753	2910.96	2897.108	2830.367	2680.94	2506.387	2325.799	
2218.377	2123.93	2086.812	2113.788	2218.999	2415.117	2822.026	3067.529	3054.428	2992.385	2935.582	2880.296	2810.889	2821.543	2804.913	2802.529	2873.163	2946.184	2968.14	2948.52	2825.019	2720.108	2504.075	2335.099	
2184.346	2105.358	2053.165	2035.936	2133.474	2350.822	2684.123	2904.237	2946.591	2954.385	2938.926	2924.613	2967.26	2921.099	2956.454	2942.251	2956.147	2963.825	2998.42	2955.552	2824.029	2720.6	2497.632	2325.865	
2176.242	2070.857	2020.723	2047.26	2086.125	2312.259	2669.539	2850.716	2908.619	2923.109	2862.27	2843.105	2810.416	2805.286	2777.959	2827.413	2774.13	2832.198	2857.464	2806.426	2697.244	2631.394	2456.357	2369.211	
2232.369	2153.323	2109.949	2105.591	2098.954	2169.493	2248.774	2433.245	2523.221	2574.137	2549.892	2544.798	2540.409	2472.51	2487.504	2477.923	2497.331	2533.215	2602.057	2658.688	2590.005	2536.155	2396.049	2309.657	
2152.487	2074.682	2001.171	1970.505	1955.968	1991.994	2069.637	2130.628	2224.785	2369.18	2431.669	2464.372	2534.904	2534.442	2599.281	2664.952	2654.699	2722.076	2826.455	2829.109	2799.412	2660.55	2513.837	2309.54	
2185.044	2026.936	1975.688	1957.045	2010.196	2229.068	2518.951	2757.265	2778.883	2809.931	2829.631	2795.192	2804.91	2789.664	2778.988	2789.034	2782.19	2817.478	2835.3	2784.256	2720.532	2618.803	2478.205	2279.91	
2161.229	2072.248	2068.621	2035.93	2129.065	2316.948	2671.004	2889.019	2928.734	2960.821	2916.629	2892.761	2885.612	2857.784	2865.369	2829.954	2828.741	2896.872	2964.699	2923.981	2798.464	2658.705	2489.226	2279.947	
2120.158	2048.624	1990.133	2000.668	2059.058	2266.217	2606.197	2816.814	2871.939	2882.473	2861.435	2839.579	2884.604	2922.625	2963.331	2967.069	3005.767	2982.906	3004.898	2980.516	2816.084	2710.272	2511.647	2317.746	
2157.704	2102.851	2002.834	2002.955	2054.547	2247.702	2584.331	2878.81	2894.857	2937.512	2980.857	3080.78	3075.954	3081.088	3050.942	3036.368	3030.066	3085.162	3036.78	3008.766	2870.299	2730.144	2524.498	2329.608	
2147.327	2044.684	2018.62	1958.623	2021.649	2202.256	2500.887	2749.711	2824.619	2828.644	2831.373	2814.022	2818.096	2785.864	2823.834	2792.289	2795.418	2803.143	2808.677	2736.56	2630.309	2523.362	2398.381	2266.966	
2139.204	2100.115	2012.305	2018.557	2027.569	2080.52	2192.663	2360.526	2502.977	2513.919	2550.272	2515.243	2481.77	2420.316	2419.913	2382.826	2387.478	2435.874	2554.326	2590.582	2495.867	2477.263	2367.698	2270.655	
2143.937		2007.138	1961.596	1987.53	2058.481	2128.781	2195.924	2326.711	2371.587	2374.965	2387.141	2356.63	2390.134	2377.607	2382.821	2486.788	2630.089	2702.235	2650.045	2594.298	2533.519	2347.04	2217.444	2061.419
2125.492	2044.575	2044.712	2083.576	2190.435	2393.479	2768.367	2945.226	2902.628	2914.033	2875.642	2847.981	2851.881	2850.789	2814.873	2847.744	2899.598	3044.256	3008.396	2953.315	2837.358	2714.179	2523.419	2397.106	
2238.647	2180.184	2173.789	2156.799	2304.523	2516.104	2877.573	2999.169	2980.539	2914.133	2900.395	2864.66	2860.972	2873.695	2872.555	2835.402	2910.23	3005.695	3009.858	2874.353	2787.317	2620.125	2431.113	2328.22	
2157.79	2099.786	2057.134	2037.117	2079.867	2280.283	2618.287	2768.099	2856.979	2895.325	2850.973	2871.179	2884.103	2845.79	2849.05	2889.492	2929.42	3049.064	3007.297	2896.044	2770.977	2604.832	2468.091	2278.85	
2171.224	2087.652	2092.059	2078.604	2166.899	2402.293	2782.956	2911.902	2914.137	2893.266	2859.274	2848.033	2817.539	2810.95	2803.807	2816.907	2876.725	3010.714	2965.636	2900.358	2793.141	2670.117	2477.879	2346.405	
2223.066	2143.22	2098.713	2123.493	2140.133	2312.923	2524.843	2648.866	2677.81	2668.171	2676.246	2657.556	2649.497	2653.08	2626.948	2625.747	2661.277	2866.643	2824.904	2733.787	2607.618	2538.066	2448.404	2274.197	
2228.131	2143.136	2107.313	2104.934	2169.83	2262.394	2375.625	2493.107	2589.175	2625.975	2616.681	2573.081	2512.409	2482.365	2435.941	2487.218	2517.416	2707.83	2771.866	2761.503	2702.822	2718.376	2614.266	2499.385	
2423.396	2328.953	2317.664	2350.011	2339.384	2403.615	2509.104	2535.667	2610.128	2556.202	2505.536	2468.601	2430.046	2455.194	2407.399	2438.649	2510.303	2732.984	2778.594	2742.756	2744.908	2655.776	2509.936	2386.869	
2261.07	2214.215	2206.341	2245.494	2367.587	2617.786	3001.012	3160.534	3127.319	3048.25	3001.935	2986.364	2964.92	2980.579	2976.174	2950.559	3012.716	3162.144	3061.35	2999.426	2880.873	2731.536	2516.372	2361.431	
2210.585	2124.537	2099.192	2114.489	2176.558	2406.157	2716.166	2921.15	2925.698	2927.034	2876.483	2813.382	2800.184	2803.702	2784.72	2827.861	2833.507	3021.051	2964.823	2912.299	2802.087	2679.345	2543.998	2335.046	
2226.067	2147.113	2164.62	2147.944	2251.935	2523.006	2860.408	2999.281	3022.514	3011.979	2955.876	2863.342	2853.351	2868.034	2824.245	2884.238	2925.101	3050.581	3006.993	2907.915	2802.066	2723.324	2498.183	2341.761	
2236.14	2154.222	2098.11	2167.306	2271.311	2440.528	2853.232	2950.848	2983.084	2885.669	2855.288	2845.297	2803.347	2815.294	2779.849	2799.223	2911.225	2998.143	2938.01	2939.051	2793.11	2692.911	2563.428	2400.042	
2238.201	2198.46	2169.829	2177.012	2276.916	2516.598	2855.601	3018.702	2974.505	2918.631	2870.552	2832.098	2822.3	2814.677	2839.9	2839.023	2868.597	2971.514	2884.626	2811.099	2657.72	2542.426	2415.214	2286.31	
2177.298	2099.284	2053.864	2035.781	2063.813	2136.326	2215.899	2360.696	2437.697	2497.25	2487.707	2495.484	2524.462	2458.22	2448.882	2467.299	2581.83	2674.615	2746.115	2719.706	2694.509	2630.404	2556.946	2433.432	
2359.735	2303.55	2265.038	2254.549	2263.119	2344.466	2424.537	2492.427	2579.329	2632.293	2660.212	2674.22	2642.386	2662.131	2680.009	2767.024	2896.061	3078.764	3120.686	3130.145	3089.036	3007.603	2851.616	2691.321	
2586.393	2509.065	2484.393	2521.237	2658.189	2891.058	3234.861	3435.663	3393.422	3302.064	3265.591	3200.87	3118.245	3107.75	3099.854	3139.327	3220.147	3426.069	3440.546	3328.046	3288.997	3118.69	2971.065	2774.757	
2668.046	2534.639	2569.369	2537.339	2605.285	2914.945	3268.584	3415.37	3380.478	3300.34	3197.707	3127.61	3094.737	3049.647	3001.676	3023.569	3127.415	3307.76	3264.058	3226.085	3083.592	3005.455	2850.77	2670.888	
2580.344	2491.351	2471.128	2526.866	2643.117	2893.533	3239.294	3367.109	3344.663	3235.251	3136.493	3064.362	2993.844	2922.117	2898.047	2915.449	3018.722	3200.409	3102.804	2939.087	2876.456	2777.626	2635.415	2504.769	
2398.667	2284.206	2270.799	2252.08	2281.49	2361.994	2446.037	2524.036	2578.29	2683.143	2655.934	2682.878	2677.275	2633.735	2602.876	2554.433	2508.576	2589.788	2523.954	2482.494	2448.278	2454.959	2384.567	2320.604	
2269.189	2211.73	2173.615	2165.626	2223.722	2366.999	2570.752	2632.694	2734.856	2748.064	2763.743	2724.76	2723.945	2692.597	2618.854	2617.491	2703.988	2838.148	2780.338	2706.419	2596.806	2557.771	2445.522	2358.878	
2216.789	2165.925	2114.955	2111.799	2138.288	2197.968	2292.302	2430.36	2541.124	2595.875	2621.07	2617.575	2625.104	2589.851	2583.043	2584.67	2647.676	2794.556	2823.94	2827.022	2775.227	2729.367	2655.519	2526.302	
2409.059	2383.536	2315.239	2316.418	2347.458	2391.147	2486.268	2539.166	2599.286	2551.236	2523.056	2537.624	2520.667	2489.427	2490.585	2490.037	2670.233	2847.567	2930.282	2965.166	2908.34	2836.331	2692.79	2711.842	
2477.675	2391.319	2408.424	2426.052	2560.948	2841.215	3207.129	3334.583	3362.709	3257.226	3197.862	3118.493	3089.515	3042.663	3002.326	3015.226	3144.375	3269.949	3253.064	3160.06	3025.878	2876.373	2667.813	2492.096	
2291.091	2236.507	2186.514	2140.424	2252.598	2455.871	2777.125	2984.197	3018.477	3006.604	3026.759	3014.25	3038.673	2993.1	2973.752	2991.251	3029.026	3112.633	3076.119	2983.095	2827.57	2705.773	2495.348	2321.113	
2185.222	2074.087	2034.984	2007.887	2107.282	2253.434	2661.58	2879.09	2869.209	3010.875	3043.036	3012.631	3012.951	2987.94	2973.116	2983.773	3070.387	3145.839	3049.371	2916.335	2804.098	2661.512	2448.108	2313.827	
2125.486	2032.526	1965.341	1967.705	2055.924	2246.015	2619.525	2823.558	2895.365	2866.685	2855.601	2793.338	2848.419	2826.408	2820.367	2825.642	2946.016	3092.903	3068.992	3000.35	2915.675	2766.125	2608.589	2448.822	
2329.663	2208.971	2228.313	2192.057	2275.351	2514.093	2865.413	3028.766	3088.917	3033.288	2936.417	2918.279	2890.131	2826.217	2857.753	2890.157	3022.773	3225.649	3133.987	3063.171	2962.438	2812.363	2715.696	2535.182	
2430.093	2341.142	2289.031	2236.554	2263.892	2329.278	2478.388	2565.603	2680.557	2720.848	2685.394	2681.631	2653.851	2615.368	2591.261	2599.1	2728.353	2941.138	2895.211	2899.358	2842.646	2817.494	2713.221	2578.868	
2466.578	2359.598	2354.026	2330.536	2329.866	2419.812	2538.787	2566.018	2661.259	2701.188	2721.222	2695.036	2661.442	2713.191	2697.931	2696.6	2857.9	2987.009	3029.412	2986.965	2962.212	2883.761	2704.115	2585.532	
2404.11	2361.857	2325.826	2356.039	2454.564	2678.404	3047.019	3230.868	3233.092	3202.913	3064.055	2968.089	2988.013	2924.449	2921.083	2929.426	3005.699	3219.209	3147.123	3094.833	3038.745	2878.113	2730.058	2534.358	
2375.091	2294.668	2273.857	2277.581	2377.215	2575.612	2980.281	3202.316	3230.673	3164.65	3216.108	3232.47	3262.453	3288.739	3312.641	3333.001	3462.755	3491.692	3393.073	3296.173	3131.727	3010.492	2767.442	2591.727	
2420.022	2347.222	2304.781	2315.888	2413.326	2619.737	3008.639	3225.823	3234.151	3197.137	3096.928	2996.359	3004.64	2943.34	2987.911	2940.964	3096.527	3262.586	3282.523	3226.926	3143.106	3006.434	2863.434	2676.151	
2537.05	2481.19	2439.971	2466.948	2512.233	2765.627	3103.848	3282.28	3290.552	3237.768	3270.124	3227.402	3143.302	3200.402	3161.963	3184.466	3271.276	3511.298	3442.844	3394.925	3307.635	3220.768	3037.542	2866.773	
2745.771	2677.509	2686.135	2694.797	2823.441	3092.165	3507.073	3712.641	3613.371	3557.556	3441.423	3384.274	3301.157	3300.558	3283.399	3326.153	3481.376	3702.531	3640.796	3549.099	3438.024	3323.404	3188.62	3038.83	
2899.034	2839.383	2762.055	2768.403	2770.659	2870.506	2986.191	3153.825	3203.81	3233.915	3191.512	3145.413	3073.18	3020.306	2989.654	3003.473	3137.346	3396.195	3402.737	3400.275	3363.993	3311.514	3219.99	3065.563	
2992.422	2881.857	2783.869	2814.349	2755.802	2817.092	2902.688	3010.366	3056.274	3199.419	3189.867	3116.473	3090.45	3035.08	3071.222	3086.75	3185.792	3338.79	3379.419	3333.398	3307.997	3170.969	2985.648	2777.749	
2666.983	2518.177	2498.098	2519.43	2594.114	2879.105	3197.937	3411.619	3413.894	3366.247	3359.669	3285.07	3281.172	3134.233	3037.935	3039.43	3113.088	3352.35	3328.784	3264.335	3132.272	3050.114	2866.306	2643.717	
2482.863	2408.677	2410.648	2419.532	2501.862	2784.922	3183.774	3413.879	3389.484	3390.212	3312.028	3137.718	3155.532	3104.431	3142.344	3194.292	3324.868	3464.995	3415.105	3324.949	3199.441	3072.592	2869.72	2655.372	
2536.275	2448.027	2438.004	2473.751	2547.068	2862.429	3265.654	3483.019	3417.886	3317.752	3210.064	3158.245	3098.703	3113.02	3108.624	3192.011	3331.907	3502.407	3452.343	3381.264	3282.152	3154.747	2973.26	2739.59	
2645.068	2554.597	2537.748	2578.474	2759.733	3099.732	3535.784	3846.301	3872.177	3869.08	3817.132	3817.177	3791.68	3819.336	3803.93	3893.104	4119.793	4400.601	4353.752	4261.281	4211.853	4075.239	3886.262	3714.068	
3563.394	3498.905	3492.406	3503.794	3616.063	3902.674	4211.774	4389.679	4382.593	4302.228	4220.703	4137.237	4054.712	4045.369	4038.689	3984.17	4134.371	4237.492	4159.436	3986.355	3862.185	3727.438	3586.486	3361.759	
3198.754	3082.882	3015.986	2973.758	3002.665	3071.387	3240.022	3353.983	3528.18	3664.006	3727.582	3693.88	3605.879	3433.546	3291.629	3216.685	3195.398	3386.474	3376.445	3317.315	3244.696	3196.484	3015.095	2833.038	
2651.342	2518.016	2405.347	2351.154	2325.525	2348.548	2394.552	2459.1	2547.203	2629.128	2712.134	2695.241	2676.269	2684.281	2783.475	2846.363	2998.049	3204.584	3223.274	3233.444	3219.92	3166.286	3025.5	2864.651	
2744.166	2658.383	2655.593	2693.252	2844.424	3126.112	3481.607	3743.18	3765.995	3713.126	3574.822	3461.547	3397.881	3395.65	3351.83	3449.775	3558.414	3813.175	3762.406	3701.765	3612.633	3511.075	3332.5	3131.51	
2960.374	2868.241	2893.441	2930.724	3093.464	3373.787	3794.401	4008.617	3955.763	3809.069	3638.009	3517.874	3451.398	3353.412	3308.121	3375.82	3476.656	3755.911	3755.464	3699.216	3605.66	3477.458	3276.699	3112.25	
2944.003	2897.208	2848.835	2899.143	2986.544	3241.211	3546.883	3759.094	3759.719	3611.173	3483.387	3358.852	3301.872	3248.662	3193.985	3209.252	3334.188	3517.361	3490.54	3391.705	3347.122	3206.604	3082.519	2905.639	
2744.532	2621.992	2556.781	2534.704	2613.444	2792.327	3149.892	3372.544	3355.156	3297.845	3188.8	3119.112	3008.002	2951.062	2958.274	2951.026	3138.569	3348.817	3299.586	3254.023	3137.485	3068.444	2903.696	2740.573	
2642.008	2582.047	2534.414	2583.35	2727.849	2964.598	3260.325	3468.128	3405.142	3375.437	3228.38	3145.644	3050.872	3025.27	2998.356	3044.978	3127.3	3344.528	3244.987	3175.261	3022.42	2968.179	2828.9	2694.935	
2550.597	2466.113	2427.928	2408.138	2400.664	2506.476	2606.797	2717.531	2900.624	3007.233	3010.985	3025.615	2983.28	2863.025	2806.917	2817.273	2805.663	2929.172	2911.414	2869.821	2846.377	2785.69	2734.1	2591.627	
2523.658	2408.879	2349.181	2388.214	2400.748	2504.654	2585.649	2681.667	2723.138	2675.93	2635.965	2537.21	2507.326	2490.972	2452.848	2483.818	2533.682	2679.512	2736.572	2771.283	2774.287	2766.762	2727.799	2657.645	
2580.116	2497.15	2455.142	2440.935	2461.577	2551.769	2637.067	2738.375	2762.943	2877.152	2933.949	2930.769	2914.758	2899.152	2860.047	2865.261	2910.25	3046.353	3028.285	2964.919	2903.53	2794.318	2700.303	2536.899	
2400.64	2262.471	2260.37	2202.742	2283.273	2478.645	2709.396	2874.33	2882.335	2948.788	2943.192	2944.718	2905.518	2808.344	2794.838	2804.606	2861.621	3028.35	2964.18	2902.672	2778.85	2708.237	2546.447	2433.585	
2293.778	2219.521	2231.929	2242.952	2353.433	2559.227	2845.675	3050.506	3090.912	3046.427	3043.398	2958.409	2930.593	2880.747	2866.639	2911.837	3007.46	3193.853	3210.279	3174.931	3052.18	2949.282	2834.505	2689.636	
2543.19	2511.161	2420.143	2464.26	2483.842	2722.417	2939.097	3169.947	3204.473	3261.349	3261.582	3225.915	3173.677	3223.241	3076.781	3027.068	3110.588	3329.633	3310.779	3210.973	3123.924	3003.261	2884.683	2727.886	
2659.665	2542.059	2502.899	2524.68	2614.048	2819.127	3094.275	3289.931	3318.338	3251.281	3347.161	3223.797	3216.344	3201.936	3155.124	3220.865	3348.314	3627.742	3464.79	3375.467	3265.266	3183.573	3024.745	2939.208	
2793.53	2765.154	2702.367	2713.168	2734.34	2811.555	2903.032	3050.513	3073.884	3094.485	3060.704	2994.612	2963.416	2847.34	2788.142	2885.074	2977.236	3162.97	3135.055	3022.258	3012.186	2872.677	2760.907	2646.557	
