DATE	COMP	HE01	HE02	HE03	HE04	HE05	HE06	HE07	HE08	HE09	HE10	HE11	HE12	HE13	HE14	HE15	HE16	HE17	HE18	HE19	HE20	HE21	HE22	HE23	HE24
1/1/2015	RTO	94001.713	91930.162	90377.4	89635.866	89868.592	91496.412	93609.348	94660.815	94392.692	93594.824	93036.897	92147.846	90712.417	88937.498	87565.822	87639.015	90579.359	98472.014	100418.16	99621.786	98105.53	95346.171	91231.542	86865.111
1/2/2015	RTO	83243.137	81049.86	79966.01	79815.776	81301.684	85141.618	90711.253	95487.214	97348.295	97671.42	97116.786	96170.811	94593.439	93186.356	92090.79	91900.491	94276.883	101121.289	102363.402	101126.861	99668.664	97212.168	93105.12	88464.039
1/3/2015	RTO	84414.743	81797.458	80285.537	79698.861	79928.156	81614.322	84138.532	87128.118	89799.483	92616.172	94899.032	95640.159	95306.27	94640.198	93652.078	93099.588	94727.685	98386.548	97974.223	95964.417	93495.774	90264.336	86137.152	81225.145
1/4/2015	RTO	76690.393	73582.143	71615.117	70618.149	70505.407	71600.645	73364.147	76031.807	78390.22	80803.025	82443.724	83439.901	84311.4	84567.564	84317.838	84796.53	87843.357	93682.058	95931.076	95028.284	94128.225	90877.213	86853.502	82809.675
1/5/2015	RTO	79943.591	78810.405	78897.734	79993.153	82975.214	89652.184	100128.213	106669.592	107140.173	106612.208	106112.209	105633.257	104812.226	104104.861	103709.082	104397.833	108250.217	116659.847	119814.638	119284.988	117704.994	113944.704	108021.284	102163.023
1/6/2015	RTO	98195.006	96105.833	95175.582	95196.248	97136.24	102615.978	111077.433	116542.839	116476.428	116025.82	115482.891	114466.3	113053.251	111748.639	110567.375	110015.233	112516.96	120195.4	122845.926	122385.254	120669.649	116842.809	111068.054	105658.629
1/7/2015	RTO	101571.227	99579.049	98804.273	99207.836	101334.549	106680.025	114921.591	120461.016	121091.611	120318.64	119992.856	119578.851	119189.425	119289.037	119289.726	120393.643	124240.137	131953.261	135424.306	135639.335	134762.932	131875.163	126615.623	121622.751
1/8/2015	RTO	118501.728	117118.558	116828.041	117144.101	119315.759	124059.938	131396.294	136197.118	135304.712	133079.878	130834.246	128427.32	126223.038	124292.575	123178.599	123214.274	125799.952	132509.125	134759.4	133640.228	131229.373	126824.037	120107.83	113727.752
1/9/2015	RTO	108949.12	106487.285	105073.877	104538.672	105717.503	109709.747	116897.876	121703.812	121408.788	120175.664	118112.572	115500.029	113330.312	111596.284	110254.685	109957.564	112331.855	119266.387	122166.512	121493.081	120294.116	117980.865	114018.016	109342.007
1/10/2015	RTO	106201.397	104570.227	104249.906	104681.7	106175.657	108962.581	113020.278	117233.83	119065.145	118509.565	116513.927	113772.633	110624.809	107314.767	105224.633	104922.937	108084.088	115499.546	119027.225	118967.721	118430.108	116573.538	112913.644	108868.095
1/11/2015	RTO	105354.195	103402.521	102366.251	102071.568	102390.367	103729.129	106065.218	108686.135	109168.663	107280.952	104270.821	101457.738	99304.128	97351.74	96044.883	96258.675	99665.104	106625.948	108700.726	107561.078	105704.197	101772.982	96767.105	91715.645
1/12/2015	RTO	88198.968	86205.525	85742.19	85963.109	88132.287	93149.024	101130.561	107629.538	109235.425	109643.325	109516.759	109352.351	108528.459	107717.12	106653.083	106491.562	108191.465	112613.493	113974.403	112515.026	110010.118	105613.144	100288.596	94790.439
1/13/2015	RTO	90740.564	88452.064	87905.783	88563.21	90994.154	96952.055	106848.879	113165.605	113271.099	112226.923	111242.382	109939.333	108666.876	107583.465	107177.415	107634.277	110467.239	117588.18	121214.035	120988.79	119514.216	115895.39	110057.804	104471.434
1/14/2015	RTO	100702.853	98717.158	98152.373	98658.576	100747.261	106283.93	114884.405	120549.313	120956.349	120279.655	119167.979	117850.806	116665.333	114617.984	113149.734	112676.012	114264.781	119266.117	121314.849	120171.008	118252.615	113960.709	107743.804	101669.008
1/15/2015	RTO	97651.135	95639.211	94614.634	94861.513	96902.308	102119.715	111013.14	116668.485	115935.785	113989.327	111582.21	109018.576	106641.019	104875.406	103386.023	103076.626	105101.281	111271.485	114736.548	114338.196	113000.148	109335.2	103530.07	97774.325
1/16/2015	RTO	94058.154	92038.214	91507.854	91662.25	93894.458	99341.88	107895.025	112991.706	111752.927	108980.101	106918.052	104846.807	102692.485	100979.897	99604.051	99021.199	100723.987	106404.722	109484.086	108651.847	107396.086	104783.381	101041.598	96542.245
1/17/2015	RTO	93001.229	91160.683	90606.495	90858.346	92070.921	94551.722	98520.199	102530.715	104517.151	103876.752	101601.28	98711.669	95243.522	92333.287	90257.282	89754.305	92132.112	98325.717	101907.044	101398.355	100107.681	97703.34	93907.06	89612.811
1/18/2015	RTO	85813.478	83579.961	81931.754	81295.942	81151.893	82141.044	84234.634	87035.58	89840.309	92375.795	93566.124	93890.303	93746.179	92729.756	91617.179	90892.461	92172.788	96519.55	98475.373	98410.84	96712.086	94173.917	90375.37	86670.292
1/19/2015	RTO	83833.01	82395.064	81993.173	82442.548	84444.949	88566.875	95060.22	100412.611	102519.275	102751.597	101668.368	100242.364	98808.573	97681.848	96317.966	95571.239	96981.73	102673.744	106188.043	105974.292	104527.736	101041.027	95610.002	90186.065
1/20/2015	RTO	86500.811	84812.877	84408.331	84971.612	87345.63	93403.64	102897.121	108375.503	107518.48	105135.198	102840.614	100570.913	98457.831	97422.651	96287.772	96182.922	98165.015	103601.584	106713.459	106326.892	104952.677	101505.607	96188.509	90689.085
1/21/2015	RTO	86648.135	84799.622	84236.245	84412.536	86722.743	92555.284	101982.468	107373.248	106948.484	106059.955	105549.201	104970.216	104012.262	103681.817	103255.782	103141.919	105035.842	109832.053	112251.957	111085.355	109397.313	105245.029	99348.869	93904.017
1/22/2015	RTO	89895.103	87719.816	86889.734	87056.363	89116.363	94564.152	103574.383	109259.246	109308.825	108373.684	106945.609	104771.651	102811.349	101250.224	100049.946	99899.982	101676.116	107125.19	110279.562	109758.864	108128.617	104855.814	98993.856	93708.249
1/23/2015	RTO	89582.77	87617.371	87243.48	87619.589	89903.698	95665.602	105124.992	110667.31	109670.106	107667.596	105653.048	103553.116	101573.802	100588.428	99814.789	99988.889	101881.026	106038.217	107735.72	106503.238	104633.133	101456.333	96979.903	91867.931
1/24/2015	RTO	87741.119	85509.471	83997.448	83517.075	83903.241	85883.598	89002.217	92901.237	95845.577	98614.417	99926.528	99895.93	98513.447	96782.506	95251.677	94231.401	94939.869	99431.442	102257.377	101433.554	99711.88	97115.234	93053.122	88486.673
1/25/2015	RTO	84828.47	82421.03	81079.647	80707.395	81178.189	82745.791	85195.042	88045.693	90651.845	91866.5	91642.275	91171.586	90171.974	89170.561	88074.367	88445.757	90950.227	97052.78	100768.795	100557.444	99311.333	96304.008	92046.212	87908.587
1/26/2015	RTO	84673.354	83350.958	83094.753	83834.004	86436.354	92550.064	101653.944	108344.641	109802.602	110475.08	111011.256	110530.303	110038.834	109712.992	108977.425	108804.908	110528.225	115329.583	118209.561	116939.041	114359.432	110230.255	104637.222	99354.342
1/27/2015	RTO	95259.734	93519.354	92838.441	93227.773	95178.547	100019.318	107894.936	113310.59	114302.959	114021.201	112945.214	111367.714	109458.302	107953.291	106404.323	106022.881	108120.73	114088.396	118539.789	118181.697	116531.377	112922.285	107605.954	102191.619
1/28/2015	RTO	99006.321	97918.604	97647.697	98478.758	101235.825	107344.709	116989.546	122273.025	120526.205	116971.174	113732.207	110354.204	107444.733	105272.322	103220.059	102848.829	104827.16	111238.867	116674.197	116963.006	115999.746	112313.554	106679.446	101110.925
1/29/2015	RTO	97643.142	96031.757	95628.904	96209.098	98636.52	104453.336	113599.955	118158.864	116432.584	113966.791	111963.961	109935.592	108212.007	107436.297	106540.938	106497.462	108210.535	112390.964	114589.997	113517.246	111116.655	106596.482	100377.671	94384.779
1/30/2015	RTO	89968.551	87575.746	86497.403	86565.984	88716.17	94042.704	103096.265	108743.998	108967.064	108410.671	107794.079	106855.961	105576.679	104743.942	103632.392	103240.834	104791.692	110122.434	115227.922	115519.094	114675.536	112601.167	108829.42	104887.958
1/31/2015	RTO	101770.601	100336.165	99937.245	100283.686	101336.535	104023.34	107766.803	111408.615	112797.057	111650.547	109111.722	105868.211	102417.524	99234.688	96769.124	95963.722	97566.891	103112.658	107590.061	107465.287	106441.105	104318.404	100742.353	96658.526
2/1/2015	RTO	93181.313	91116.333	90026.73	89403.578	89340.104	90416.799	92479.799	94907.28	97058.689	98130.271	97669.153	96914.617	96318.52	95704.465	95188.527	95690.692	98039.938	102507.977	103665.08	101206.334	99217.016	96655.122	93594.815	89116.014
2/2/2015	RTO	85142.83	82972.812	82024.875	82271.399	84147.719	89471.71	97673.432	103630.7	104978.369	106049.243	107012.729	107109.415	106627.884	106179.626	105714.638	105671.465	108055.539	113967.086	119732.58	120484.961	119029.44	115425.225	109736.899	104236.05
2/3/2015	RTO	101025.876	99517.871	99007.086	99597.371	101975.897	107505.062	116459.993	121191.235	120326.178	118222.96	115519.44	111994.691	108765.007	106494.688	104450.111	103728.638	105380.413	110811.672	116476.344	117035.903	115672.656	111978.068	106275.161	100384.839
2/4/2015	RTO	96492.696	94344.931	93551.522	93487.055	95293.862	100692.995	109767.527	114251.463	112409.37	109159.619	106369.912	103675.843	101233.056	99146.936	97635.66	96975.048	98565.822	103397.483	108263.954	108785.475	107498.558	103866.351	98222.114	92661.018
2/5/2015	RTO	88861.987	86958.957	86317.744	86912.632	89452.295	95484.803	105343.843	111723.738	112602.166	112616.524	112499.133	111260.966	109695.77	108404.167	107129.9	106823.302	109216.153	115615.053	122417.14	123694.661	123096.776	120228.086	115131.992	110156.731
2/6/2015	RTO	106844.677	105643.768	105472.849	105953.925	108311.663	113981.503	122847.123	127381.165	124753.352	121386.792	118523.547	115612.007	112284.281	109722.401	107725.679	106542.071	106712.093	109886.679	113924.384	113325.333	112047.666	108928.569	104657.861	99493.642
2/7/2015	RTO	95484.282	93254.969	92147.518	91653.577	91826.416	93432.472	96675.941	100017.343	102022.919	102342.836	100646.357	97412.386	93329.366	89930.516	87475.274	86303.715	86958.345	90716.978	95530.057	95785.93	94664.941	92392.459	88808.682	84969.132
2/8/2015	RTO	81513.507	79226.572	78177.192	77599.39	77997.689	79206.065	81611.823	84154.582	86376.258	87348.727	86570.147	85371.34	84201.469	82955.223	82192.851	82322.937	84315.167	88902.701	93683.748	93940.856	92495.43	89169.622	85054.297	80872.196
2/9/2015	RTO	77452.437	75751.486	75379.812	76214.344	78903.578	84915.282	94773.594	101065.332	102276.491	103101.435	104037.891	104231.716	104046.131	103830.308	103319.26	103704.201	105605.887	109804.414	113054.8	112566.558	110696.385	106660.127	100805.562	95203.714
2/10/2015	RTO	91451.746	89782.807	89328.95	89846.436	91880.09	97629.196	106709.761	112407.133	112837.908	112615.388	112005.229	110371.014	108450.701	106627.762	104777.075	103675.466	104216.756	108378.341	113706.262	114182.938	112810.194	109500.113	103556.521	97861.816
2/11/2015	RTO	94030.973	92302.266	91811.722	92309.028	94712.935	100641.349	110188.216	114516.011	112644.289	110164.465	107749.598	104940.848	102105.272	100250.116	98580.391	98163.575	99674.108	104223.836	109820.751	110395.806	109215.852	105705.415	100376.775	94654.466
2/12/2015	RTO	90623.27	88702.722	87932.556	88372.052	90574.929	96664.579	106059.973	111368.467	111045.838	110156.699	108944.159	107971.899	107310.837	106595.95	106226.354	106249.569	108128.12	112996.654	119160.7	120851.472	120449.691	118151.981	113639.14	109089.752
2/13/2015	RTO	106588.956	105759.845	105816.645	106966.231	109618.301	115317.724	124228.255	128760.747	127114.729	124531.871	121764.259	118647.348	115368.577	112650.843	110147.44	108746.218	109697.576	113888.77	119031.282	119265.725	118180.712	115592.691	111399.801	106437.06
2/14/2015	RTO	102598.072	100403.382	99013.756	98249.734	98345.348	99728.316	102497.457	105212.183	107800.77	109547.516	109747.358	108713.953	106817.616	104868.429	103273.308	102425.809	103780.676	107431.975	112534.457	113812.565	113421.197	112731.325	111054.839	109263.439
2/15/2015	RTO	108340.495	108384.228	108946.528	109967.67	111590.797	113967.137	117242.06	119757.335	121289.97	121821.074	120710.295	119016.421	116728.908	113985.661	111717.275	110857.365	112598.774	118316.03	125719.196	127475.449	126774.151	124796.816	121471.966	118269.543
2/16/2015	RTO	115799.532	114993.205	114643.036	115338.184	116884.053	121072.452	126900.464	130753.998	132212.846	132925.686	132552.781	130547.519	128515.968	127213.891	126349.371	125961.323	127053.43	130389.014	134182.783	133383.508	130681.81	126450.622	120492.125	115177.047
2/17/2015	RTO	111777.118	109998.726	109230.557	109579.217	111176.512	115018.499	121233.197	125025.087	126240.179	124877.25	122765.973	119537.905	116639.438	114282.831	112247.936	111379.73	112565.549	117166.426	123265.497	124109.311	122444.698	119114.973	113795.47	109516.519
2/18/2015	RTO	106542.391	105691.831	105837.504	106866.844	109220.893	114528.33	123116.987	127106.924	125447.071	121808.135	118852.525	116240.573	114329.831	112921.416	112053.997	112593.736	114784.629	119605.35	125758.005	126798.25	126070.751	123374.478	118885.44	114776.147
2/19/2015	RTO	112308.037	111506.276	111881.829	113336.681	116202.745	121807.713	129594.418	133522.225	133055.576	131648.503	129765.524	128345.804	126737.352	125716.218	124943.599	125213.927	127477.42	132392.411	138885.954	140385.985	139398.516	137113.533	132574.194	128427.765
2/20/2015	RTO	125664.654	124749.897	124783.677	125840.044	127861.048	132614.909	139530.158	143129.231	141840.319	138981.834	136111.531	132569.674	128896.343	125385.558	122339.085	121024.32	121612.546	125153.778	130983.166	131932.199	130984.583	128469.172	124215.91	119716.932
2/21/2015	RTO	115794.615	113624.579	112198.589	111672.192	111823.762	113206.523	115762.87	117516.967	118370.248	119440.517	119436.412	118438.077	116950.256	114880.242	112717.442	111260.173	111437.768	113376.652	116182.217	115007.019	111796.762	107847.276	103335.012	98365.096
2/22/2015	RTO	94328.666	91919.357	90712.541	90233.949	90356.174	91571.349	93725.037	95416.177	98059.735	99923.635	99269.234	97105.137	94933.802	92933.048	91393	91303.59	93015.078	98053.739	104324.011	106323.034	105586.188	102714.742	98799.281	94818.803
2/23/2015	RTO	92310.035	90988.907	90874.714	91941.117	94753.397	100689.574	110048.746	115430.393	117204.261	117038.902	116812.862	115631.422	113821.65	112080.311	110686.391	110451.312	112414.268	117207.861	124875.791	127774.553	127499.582	124785.304	120076.498	115573.318
2/24/2015	RTO	113038.393	112293.483	112469.669	113561.057	116331.941	122153.835	130662.73	134131.91	131619.003	127664.258	123917.024	120643.461	117815.916	115731.835	114180.525	113486.911	115093.725	118760.517	123987.972	125186.733	123438.16	119705.971	114019.469	108777.506
2/25/2015	RTO	104850.562	103412.62	102938.427	103536.773	105352.063	110698.537	119253.083	122289.269	119042.786	114968.653	111633.309	108481.131	105697.029	103887.873	102247.007	101717.683	103418.194	107515.28	113837.863	115072.368	113933.414	110690.933	105185.027	99941.106
2/26/2015	RTO	96184.901	94425.617	93982.775	94535.095	96754.225	102024.873	110487.571	114913.44	116126.977	116134.71	115534.256	113416.784	111169.754	109436.664	108387.752	107999.008	109107.863	112816.04	117999.642	119358.501	118457.111	115204.804	110028.458	104997.646
2/27/2015	RTO	101798.642	100212.63	99729.604	100389.127	102570.297	108019.371	116914.174	121066.645	119701.774	116521.198	114082.568	111431.117	109087.849	107330.231	105622.215	104454.325	105325.674	108857.669	115203.534	117755.35	117731.142	115900.166	112363.102	108312.014
2/28/2015	RTO	105369.472	104029.293	103695.164	104083.8	105411.801	108302.263	112176.597	114498.399	114962.852	113688.181	110849.942	107153.093	103463.627	99803.17	97302.285	95924.562	96923.518	100770.453	107472.944	109836.607	109553.859	107930.812	104835.722	101027.869
3/1/2015	RTO	98092.771	96299.005	95423.442	94704.793	94765.693	95609.394	97358.619	99031.378	101619.618	103803.219	104777.609	104824.941	104832.655	103980.014	103244.531	102798.447	103875.253	106721.879	110319.512	111111.74	108883.97	104866.965	99921.848	95310.464
3/2/2015	RTO	91845.462	90213.494	89883.106	90318.651	92327.38	97672.363	105816.165	110084.586	110808.741	108462.423	106374.662	104018.894	101840.505	99943.084	98250.88	97186.858	98252.968	101857.211	109137.773	112134.385	111207.234	108148.468	103226.729	98063.925
3/3/2015	RTO	94754.609	93227.832	92644.192	93092.861	95237.933	100686.626	109473.815	112857.619	112356.444	111400.582	110654.71	109824.076	109237.767	108902.399	108428.751	108220.642	109230.444	111449.293	114461.393	113812.635	111156.161	106101.903	99429.84	93328.159
3/4/2015	RTO	88842.586	86198.44	84950.152	84790.999	86512.879	91600.546	99753.121	103541.161	103941.793	103352.952	102971.217	101817.031	100271.483	99665.115	99281.441	99084.49	100250.613	102909.782	106631.604	107653.609	105951.566	102371.711	97198.005	92108.582
3/5/2015	RTO	88384.897	86681.253	85999.279	86425.08	88897.936	94102.618	101500.511	106365.013	109376.035	111691.788	113166.497	113564.505	113229.916	112955.382	112521.467	111973.87	112893.81	115535.712	119897.469	121478.125	120133.487	116847.046	112370.747	108243.009
3/6/2015	RTO	105744.458	105070.047	105463.151	106684.813	109643.534	115150.249	122392.196	125701.661	124311.732	121147.679	118321.435	115484.154	112677.276	109873.785	107316.383	105501.921	105508.905	108446.378	114304.882	117361.063	116786.996	114844.047	111089.942	107153.019
3/7/2015	RTO	104010.628	102678.284	102364.96	102619.092	103647.851	105909.69	108801.639	110092.997	108809.099	106180.496	103155.18	99344.346	95909.475	92706.504	90142.879	88512.114	88560.652	90480.93	95646.94	98215.098	97447.531	95253.394	91795.24	87304.719
3/8/2015	RTO	84250.471	82371.531		81684.449	81726.881	82748.059	85012.421	87778.997	89469.579	89467.247	87808.904	86223.767	84534.109	82934.274	81101.123	79768.991	79553.978	80684.45	82924.802	88449.852	92424.13	91444.671	88144.917	84020.811
3/9/2015	RTO	80483.225	78489.099	77965.45	78248.973	80582.501	86225.701	95759.189	102274.71	102298.274	100011.989	97306.575	94201.51	91676.906	89657.816	87865.349	86203.925	85703.55	86173.88	87510.525	92423.338	95148.709	92714.384	88059.297	82693.098
3/10/2015	RTO	78625.03	76840.724	76246.763	76549.761	78581.674	83879.589	93217.005	99513.419	99167.706	97992.685	97012.892	95835.875	94363.596	93438.039	92561.352	92017.466	92427.777	93412.653	94690.541	97248.666	97655.63	94087.142	88134.195	82031.827
3/11/2015	RTO	77488.949	74481.63	73225.969	72916.383	74252.53	79067.848	87957.49	94234.161	94267.277	93403.737	92739.24	91423.224	89833.002	88604.825	87131.72	85946.09	85615.643	85869.131	86519.955	90239.243	93118.781	90635.893	85760.769	80278.135
3/12/2015	RTO	76473.023	74607.567	73994.188	74565.484	76630.84	82470.186	92532.522	99025.694	98245.312	95940.438	93967.707	92054.392	90094.866	88902.526	87019.916	85668.16	85155.242	85388.726	86787.792	91412.206	94990.958	93121.767	88541.572	83260.312
3/13/2015	RTO	79595.295	77705.706	77051.481	77250.935	79408.183	84919.373	94682.712	100811.184	99619.914	97340.413	95445.308	93299.276	91522.893	90344.023	89030.93	88220.519	88443.989	89286.918	90080.899	92462.867	92982.295	90466.205	86380.637	81281.303
3/14/2015	RTO	77043.032	74378.066	72939.02	72194.795	72472.889	73994.034	77082.181	80902.295	84072.487	86982.029	88258.894	88045.315	86497.539	84414.97	82571.715	81293.401	80768.112	80952.184	81033.952	83216.13	84689.69	82868.78	79725.824	75716.858
3/15/2015	RTO	71982.291	69878.527	68741.936	68481.225	69167.64	70909.774	73824.625	77316.61	80332.345	82695.877	83186.746	82677.233	82272.736	80946.508	79402.389	78495.686	78772.495	79642.87	81022.411	85997.975	89548.899	87230.623	83067.658	78581.857
3/16/2015	RTO	75259.753	73698.511	73422.033	74117.522	76563.52	82340.688	92329.803	98333.631	97722.011	96079.151	94207.521	91860.337	89694.722	88274.572	86707.769	85308.469	84700.687	84827.004	86113.737	89595.488	91693.765	88414.09	82496.332	76510.72
3/17/2015	RTO	72072.669	69656.963	68574.808	68464.502	70229.952	75379.65	85093.65	91123.851	91522.527	91108.863	90408.473	89677.528	88885.988	87959.836	86543.947	85479.206	85105.696	85170.177	86162.995	90677.333	94700.242	92671.701	87827.366	82955.323
3/18/2015	RTO	79884.194	78419.421	77818.114	78568.195	81006.395	87299.136	97912.484	103892.794	102968.992	100276.696	98186.163	96325.562	94394.455	92479.676	90692.356	89092.566	88493.596	89019.349	90599.586	95337.084	98603.289	96166.306	91104.455	85501.396
3/19/2015	RTO	81832.741	80008.965	79286.383	79509.595	81556.875	87436.907	97268.894	102879.34	101644.831	99763.959	98078.288	96175.716	94134.033	92321.449	90585.635	89448.879	89437.038	90535.748	92094.814	96198.835	98844.776	96022.37	90656.15	85109.918
3/20/2015	RTO	80961.986	78753.977	77688.144	77506.813	79426.717	84416.456	93468.945	99913.329	100954.995	101363.375	101725.104	101152.496	100214.518	99161.12	97685.622	96624.71	96218.205	96110.11	95868.233	97346.667	98061.473	95348.247	90775.636	85555.142
3/21/2015	RTO	81434.598	78756.727	77365.477	76781.607	77231.633	79135.208	82784.739	86372.492	89214.005	90371.507	89759.233	87881.643	84971.297	81975.837	79906.358	78059.644	77226.446	77275.113	78033.464	81223.933	84129.721	82955.201	79798.713	76099.454
3/22/2015	RTO	72746.87	70748.69	69924.989	69961.198	70625.785	72414.141	75632.488	78804.594	81618.624	83241.416	83202.2	82082.393	80901.588	79471.514	77992.584	77193.325	77291.708	78771.9	80899.034	86523.266	90794.957	89032.906	85122.477	81002.036
3/23/2015	RTO	77889.885	76688.782	76553.684	77380.938	80209.428	86396.403	96972.314	102685.509	102531.59	101165.43	99846.554	98140.121	96040.184	94305.234	92409.791	91127.799	90986.748	91983.681	93717.647	98030.764	100887.607	98014.931	92798.255	87007.266
3/24/2015	RTO	83135.688	81103.446	80299.912	80436.849	82474.921	88333.962	98050.661	103338.652	103055.348	101712.709	100428.389	98547.043	96787.284	94906.2	93239.459	91265.281	90570.363	90571.622	91796.228	95993.691	99524.047	97079.816	91601.123	86262.648
3/25/2015	RTO	82363.384	80417.593	79786.1	80219.791	82123.212	87697.193	97175.545	101862.687	100695.189	99124.227	97981.224	96407.195	94951.668	94147.517	92738.06	91615.053	91053.057	91232.136	91319.859	93303.094	95298.332	92046.084	86190.867	80052.304
3/26/2015	RTO	75765.253	73523.876	72414.774	72320.274	73909.137	79077.283	88381.393	93722.554	93676.877	93190.057	92952.744	92138.359	91090.182	90357.596	89411.627	88598.482	88709.24	88785.422	89228.527	91780.245	93366.401	90194.835	84704.612	79030.821
3/27/2015	RTO	74846.593	72471.724	71699.141	71913.973	73801.002	79326.269	88994.114	95089.216	96438.524	96847.063	97123.44	96651.046	96044.798	95150.157	94083.615	92604.92	92025.341	92244.312	92721.461	95185.131	97595.868	96015.633	91878.453	87182.633
3/28/2015	RTO	83476.857	81563.335	80913.068	81008.588	82033.051	84652.552	88930.072	92954.413	95784.825	96923.541	96698.761	95352.755	93193.648	91065.238	89252.444	87892.482	87348.238	88051.073	89267.924	93403.215	97911.981	97513.135	94820.756	91132.567
3/29/2015	RTO	88218.52	86563.568	86105.01	86318.632	87256.617	89194.377	92067.047	94632.743	95015.426	93707.695	91496.613	89273.947	87278.204	84952.762	82720.449	81180.548	80695.872	81964.392	83712.336	88602.058	92320.768	90210.633	86267.31	81838.28
3/30/2015	RTO	78503.287	76507.723	75676.165	75829.767	77852.666	83194.595	92330.8	97491.673	97547.429	97046.697	96252.524	94417.498	92087.546	90198.418	88362.613	86549.335	85998.408	85909.777	86189.931	89116.678	92584.798	89966.681	84699.477	79294.773
3/31/2015	RTO	75312.906	73435.265	72734.524	73124.401	75149.458	80796.508	90171.605	94925.821	94157.371	92465.592	91221.812	89686.43	88445.29	87999.176	87166.166	86334.478	86263.782	86853.408	87478.703	89526.307	92106.021	89675.126	84336.85	78918.979
4/1/2015	RTO	75324.3	73619.075	73265.587	73764.697	76125.845	81965.857	91633.428	96382.213	95388.526	93063.153	90888.715	89150.592	87367.856	86052.734	84702.38	83264.031	82793.497	82760.951	83014.246	85336.769	89463.631	87852.273	83210.825	78095.135
4/2/2015	RTO	74037.866	72232.899	71642.967	72056.184	74287.941	79817.167	88358.778	92468.522	91936.394	90200.131	89056.701	87694.607	86282.275	85470.613	84303.875	83193.741	82754.125	82644.544	82497.643	84066.343	86134.531	83362.646	78069.536	71975.176
4/3/2015	RTO	67344.514	64350.597	62998.895	62433.15	63258.536	66416.438	72127.234	76251.694	78853.047	81016.091	82109.008	82161.841	81518.06	80704.313	80055.367	79271.505	79230.697	79524.059	79295.613	80287.907	81514.084	79573.619	75811.432	71107.25
4/4/2015	RTO	66975.053	64476.472	63114.138	62441.23	63048.491	64828.683	67922.918	71193.932	74993.575	77620.29	78338.622	77700.858	76273.894	74511.206	72934.259	71893.049	71859.49	72333.141	72971.506	75596.381	79891.905	79526.514	77063.719	73348.274
4/5/2015	RTO	69823.012	67498.574	66641.287	66446.959	67225.312	69066.722	71971.91	74641.141	76581.836	76565.411	74865.698	73114.366	71600.589	69904.715	68019.758	66735.741	66014.396	66173.982	67314.226	70599.169	75660.426	75326.723	72263.462	68471.29
4/6/2015	RTO	65718.012	64304.803	64150.575	64879.888	67217.754	72714.528	81172.595	85878.75	87055.767	86729.577	86390.939	85668.306	84848.871	84069.762	83082.716	82149.478	81800.155	82022.966	82040.596	84288.638	87015.373	84186.498	78720.685	72843.571
4/7/2015	RTO	68242.464	65555.379	64074.52	63725.414	64986.324	69330.986	77565.751	82791.67	84777.811	85913.34	87166.23	87212.33	87046.59	86873.529	86379.246	85669.014	85658.789	86039.405	86273.76	87897.869	89289.949	85918.352	80036.437	73905.086
4/8/2015	RTO	69528.841	66991.908	65670.076	65303.002	66602.882	71332.185	79595.984	84771.051	86794.645	88033.478	89048.071	89164.208	89000.344	88686.38	87902.536	87214.413	87417.532	88003.422	88667.019	90338.658	91682.963	88704.49	83057.803	77153.46
4/9/2015	RTO	72760.688	70125.941	68660.573	68443.657	69922.544	74862.631	83614.845	88232.458	89950.778	90804.815	91487.272	91616.551	91531.467	91030.565	90164.704	89619.484	89635.867	90072.509	90415.376	91565.927	92719.771	89817.513	83999.372	77893.024
4/10/2015	RTO	73078.999	70467.032	69055.215	68451.235	69649.174	74005.133	82048.678	86830.923	88612.153	89338.092	89432.349	88825.941	87986.639	87057.835	85943.222	84395.594	83531.168	82820.499	81692.909	81874.556	84380.528	82639.915	78135.694	73040.029
4/11/2015	RTO	68478.851	66006.212	64527.285	64084.13	64485.415	66488.326	69494.704	72119.737	74798.227	76426.787	76842.4	76103.17	74985.367	73686.318	72287.008	71601.933	71426.632	71758.177	72088.61	73370.211	77383.216	76894.489	73748.09	69829.494
4/12/2015	RTO	66216.825	64325.757	63424.801	63382.636	64005.687	65979.046	68500.203	70441.225	72388.507	73011.156	72579.622	71981.112	71350.441	70547.186	69930.391	70014.609	70647.36	71952.878	72997.693	75470.425	79869.781	78067.723	73335.903	68309.093
4/13/2015	RTO	64510.303	62577.177	61672.043	61895.579	63756.253	69083.988	78360.572	83252.144	84276.916	84119.537	84855.849	84750.417	84927.893	85348.235	85071.47	84908.409	84941.828	84934.445	84280.209	85074.195	88035.959	84995.314	78846.269	72131.471
4/14/2015	RTO	67170.92	64432.745	62776.123	62157.782	63295.323	67769.943	76507.911	81416.584	83409.584	84603.416	85545.245	85568.088	85318.104	84993.111	84321.1	83417.779	83366.352	83443.669	83673.579	84637.409	86674.691	84277.872	78175.442	72131.754
4/15/2015	RTO	67842.344	65649.881	64356.622	64320.728	65913.211	70963.982	79576.596	83887.051	84707.636	84780.634	84527.739	84132.941	83758.123	83491.389	82726.065	81982.75	81819.402	81991.531	81676.84	83061.606	86396.336	83764.169	78484.749	72460.865
4/16/2015	RTO	68344.054	65813.376	64633.125	64629.572	66066.666	71145.762	79491.252	83804.428	84384.822	84302.428	84577.223	84103.225	83795.904	83566.893	82977.899	82465.473	82292.693	82318.405	82040.172	83433.122	86191.792	84002.93	78153.27	72090.168
4/17/2015	RTO	67646.23	64886.613	63574.204	63031.652	64332.591	68658.408	76934.377	81271.644	83152.815	84431.911	85383.423	85334.127	85477.106	85615.983	85138.96	84511.177	84188.135	83451.387	82065.791	81704.274	84056.792	82565.092	77377.909	71252.667
4/18/2015	RTO	66217.928	62904.805	61010.588	59934.052	60135.501	61506.387	63922.169	66671.748	70507.658	73519.506	75232.879	75889.376	75986.958	75878.397	75760.388	75920.931	76724.489	77113.094	76471.696	76270.652	78848.993	77650.665	73401.452	68183.933
4/19/2015	RTO	63589.741	60461.011	58553.763	57531.888	57390.099	58130.998	59264.2	61280.159	65111.1	68150.211	69681.925	70564.391	71109.796	71076.704	71014.155	71215.695	72232.542	73901.151	75040.201	77195.112	79522.381	77139.912	72623.324	67863.378
4/20/2015	RTO	64223.468	62117.996	61168.842	61075.859	62618.57	67387.946	76233.728	81458.19	84121.955	85521.037	86894.588	87413.644	87495.238	87493.502	87332.983	87008.72	86690.481	86702.519	86239.251	86438.102	88161.433	85534.737	79329.007	72772.843
4/21/2015	RTO	68382.086	65605.174	64199.786	63830.388	64910.668	69719.45	78001.173	82342.62	83736.336	83935.376	84319.722	84295.914	83920.699	83889.694	83282.623	82591.606	82702.429	82616.955	82163.485	82812.142	86402.662	84687.05	78760.174	72706.748
4/22/2015	RTO	68497.081	66017.036	65031.213	64750.09	66284.481	71371.916	79929.074	84400.222	85473.563	85924.759	86332.928	86161.177	86080.87	86231.778	85827.3	85288.616	85126.35	85269.403	85151.234	85687.082	88647.49	86939.923	81227.201	75252.48
4/23/2015	RTO	71171.248	69155.438	68200.784	68214.194	70127.499	75554.196	84123.175	88358.42	88525.785	88023.995	87977.059	87712.046	87251.77	86546.823	85750.731	85107.957	85017.561	85312.683	85464.152	86636.09	90110.097	88884.802	83597.228	77889.912
4/24/2015	RTO	73937.356	71952.762	71128.173	71386.858	73437.044	78785.811	87302.596	91229.425	90991.937	89508.31	88386.965	86927.812	85365.588	84069.669	82627.191	81203.51	80335.771	79735.505	79108.206	79975.233	83761.702	83135.887	79270.794	74274.308
4/25/2015	RTO	70103.017	67938.537	67019.68	66546.769	67167.631	69005.8	71703.148	74717.503	78388.15	80572.519	81228.95	80585.474	79254.067	77988.658	76524.035	75845.557	75919.976	76366.755	77196.177	78591.747	81328.497	80480.947	76912	72710.684
4/26/2015	RTO	68998.065	66732.83	65364.719	65018.112	65196.09	66599.335	68378.697	70282.781	72757.036	73946.677	73736.623	73114.433	72653.651	71833.759	71013.923	70448.724	70912.116	71700.107	72568.116	74384.515	78514.41	78640.904	74634.547	70015.026
4/27/2015	RTO	66828.853	65306.26	65048.761	65571.921	68019.644	73823.826	82617.596	86943.082	87212.374	86395.927	85861.094	85461.367	85286.492	85058.713	84062.259	83093.232	83113.017	83284.44	83417.83	84577.811	87426.204	86109.327	80499.197	74688.996
4/28/2015	RTO	70613.519	68436.981	67537.172	67680.231	69499.488	75073.225	83213.949	86575.13	86272.193	85290.544	84892.84	84174.855	83715.216	83378.025	82464.306	81662.416	81319.793	81210.65	80503.804	80921.867	84281.967	83722.695	77806.174	71859.611
4/29/2015	RTO	67390.841	65158.231	64311.346	64383.205	66048.871	71187.704	79342.196	83687.82	84000.326	83748.077	83864.877	84076.032	84126.8	84054.967	83922.308	83386.207	83440.812	83091.161	82316.377	82237.52	85392.433	84133.037	78014.611	71640.271
4/30/2015	RTO	66849.02	64152.29	62745.262	62481.064	63915.046	68405.205	76447.414	81269.958	82949.83	83727.764	84451.861	84409.71	84386.973	84425.399	83848.672	83237.202	82820.584	82483.08	82082.506	82577.126	84996.231	83838.478	78562.481	72475.253
5/1/2015	RTO	67925.409	65541.193	64293.478	63867.107	65276.813	69822.978	77465.383	81806.716	83276.28	83756.361	84124.502	83823.728	83360.669	82868.263	81969.47	80993.168	80561.44	79930.162	78986.778	78779.779	80846.822	80525.707	76289.723	70964.156
5/2/2015	RTO	66378.299	63540.212	62202.08	61521.802	61930.763	63769.725	65855.031	68675.795	71628.358	73253.523	73979.207	74025.446	73668.107	73164.843	72685.632	72710.726	73027.765	73456.58	73291.401	73457.743	75726.222	75578.273	71584.362	66750.213
5/3/2015	RTO	62643.729	60270.912	58750.455	57813.455	57821.407	58950.494	59830.595	62016.427	65390.975	68350.281	69849.373	71140.413	71974.083	72735.258	73209.561	73775.164	75106.046	76745.571	77498.508	78238.593	81124.646	80230.175	74983.107	69060.3
5/4/2015	RTO	64539.847	61997.033	60606.016	60204.464	61402.285	66028.205	73400.869	78988.509	81968.891	84176.538	86549.02	88602.054	90011.767	91338.398	91922.265	92491.409	92750.08	92899.14	91749.212	90699.679	92405.098	90467.555	83231.887	75716.479
5/5/2015	RTO	69968.299	66622.184	64338.04	63428.809	64362.456	68489.335	75776.609	81250.647	84536.638	86732.692	89433.473	91278.264	92747.008	94514.361	95785.561	96407.418	96658.491	95981.907	94419.66	93356.594	94599.116	92563.231	85275.644	77525.241
5/6/2015	RTO	71786.429	68155.09	65867.762	64691.514	65481.068	69508.569	76627.22	81757.807	84877.317	86921.695	89277.952	91502.31	93292.48	95344.327	96518.731	97209.487	97578.842	96860.116	95017.327	93357.753	94002.758	92408.379	85170.402	77204.354
5/7/2015	RTO	71156.964	67167.282	65022.572	63894.046	64663.23	68648.438	75631.615	80855.235	84031.797	87167.952	90155.359	92664.839	95316.818	97666.445	99480.678	100677.286	101549.704	101579.965	100019.288	97858.117	97951.155	96136.446	88299.389	79838.497
5/8/2015	RTO	73688.861	69552.912	66953.726	65779.536	66137.561	69789.912	76532.471	81985.765	86393.336	90180.573	94013.236	97403.583	100264.001	103302.56	105142.914	106233.183	107009.555	105957.686	103048.865	99043.983	97931.658	95633.13	88848.695	80942.052
5/9/2015	RTO	74128.362	69588.955	66760.174	64961.034	64299.681	65202.421	66572.102	69841.566	74863.292	79339.698	82604.453	84856.255	86676.7	88319.108	89907.425	91476.262	92712.003	93140.279	91896.311	89769.91	89922.03	89052.097	84033.824	77383.803
5/10/2015	RTO	71650.564	67484.61	64788.184	63221.569	62370.217	62771.869	63343.832	66527.576	72045.542	77401.321	81446.719	84783.978	87381.68	89348.635	91114.907	92706.719	93973.618	94749.944	94252.486	93099.836	94500.438	94148.491	87973.107	80814.929
5/11/2015	RTO	74640.679	71035.802	68753.77	67913.084	68730.556	73375.587	80666.395	87222.423	91888.362	95470.396	99525.313	102977.28	106540.406	109327.331	111070.403	111404.629	111596.158	110837.575	108609.269	105271.337	104433.224	101272.02	92715.283	84055.053
5/12/2015	RTO	77297.519	73207.347	70769.156	69474.885	69957.455	73793.117	80872.689	86960.133	90806.998	94366.035	97388.851	99717.912	101315.713	103280.734	104183.283	104742.512	105025.985	104066.478	101583.001	98494.256	98107.128	96122.984	88123.751	79370.739
5/13/2015	RTO	73031.955	69061.551	66670.605	65399.532	65884.759	69585.497	76120.347	81071.538	83533.58	85032.73	86110.582	86454.947	86530.687	86694.552	86894.9	86734.138	87059.287	86839.918	85538.305	84611.926	85811.199	85307.619	79275.791	72891.632
5/14/2015	RTO	68063.634	65303.462	63773.373	63485.319	64559.126	68689.033	75475.184	80365.101	82426.777	83285.573	84133.32	84647.924	84929.603	85639.428	85712.749	85778.079	86035.586	86167.824	84947.021	84127.751	86078.205	85424.909	79046.382	72669.179
5/15/2015	RTO	67619.874	64449.505	62980.469	62355.613	63461.852	67466.616	74020.113	78970.938	82076.002	83997.64	85846.215	86978.249	87895.222	89084.363	89726.82	90316.506	90856.835	90616.942	89089.918	87277.367	87661.159	87327.22	82298.83	76078.136
5/16/2015	RTO	70431.742	66619.526	64359.172	62842.228	62588.349	63556.946	64711.721	68445.542	73677.601	78205.866	81896.466	84619.81	86961.387	88717.973	90385.076	91896.324	92739.517	92466.791	90838.935	89154.485	89259.912	88347.136	83927.185	77833.587
5/17/2015	RTO	72388.278	68524.972	65910.896	64348.117	63619.733	63839.676	64348.854	67068.814	72588.489	77859.948	82231.087	86330.166	89986.417	92865.659	95043.019	97376.647	99759.653	101302.663	101283.817	100035.328	99745.718	98657.453	92176.615	84439.215
5/18/2015	RTO	78049.211	73888.109	71311.958	70120.708	70948.35	75168.077	82679.797	89500.574	94815.237	99498.178	104134.816	107892.369	110321.351	112242.391	113131.979	113048.264	112673.044	111145.165	107948.113	104788.418	103136.044	100030.132	91969.04	83467.717
5/19/2015	RTO	76821.61	72697.632	70157.495	68831.809	69317.38	73120.763	79730.741	85499.06	88720.626	91453.194	94389.3	96770.865	98696.018	100568.305	102463.805	104372.905	105918.094	105991.962	104140.475	100934.133	99824.492	97993.955	90154.353	81561.85
5/20/2015	RTO	74848.062	70237.25	67537.805	66169.376	66539.712	69954.016	76042.51	81434.7	84240.597	85829.636	86905.229	87677.216	87764.518	88398.253	88845.776	89113.934	89431.446	89094.53	87702.274	86318.23	87278.307	86707.367	80609.304	74008.709
5/21/2015	RTO	68840.904	65848.319	63961.007	63373.47	64344.291	68459.136	75247.332	80380.722	83155.883	84538.843	85313.066	85455.839	85281.6	85294.12	84831.857	84120.099	84049.597	83910.13	83311.084	83021.442	84082.71	83711.785	78818.524	72481.914
5/22/2015	RTO	68051.517	65267.917	63799.56	63273.291	64389.015	68172.148	74143.817	78971.332	81339.324	82497.27	83490.941	83863.063	83882.428	84002.223	83916.294	83678.048	83621.243	83070.416	81688.106	79790.824	80263.257	80614.679	76105.945	70076.895
5/23/2015	RTO	65132.46	61892.639	60029.21	59155.885	59109.941	59992.669	60917.484	63822.854	67596.759	70542.136	72110.061	72768.549	72963.357	72986.096	73218.418	74094.833	75505.896	76780.439	76960.344	76103.537	76338.764	76650.98	73015.391	67980.04
5/24/2015	RTO	63466.04	60225.019	58382.071	57444.867	57108.144	57331.507	57495.802	60219.826	64395.7	68009.235	70674.226	73139.802	74971.295	76524.143	78204.47	80002.866	81984.437	83359.655	83145.086	81713.271	81366.725	81668.064	77808.854	72449.973
5/25/2015	RTO	67314.197	63451.554	61364.397	60080.726	59922.085	60579.446	61169.372	64106.821	69299.629	74712.987	79932.295	84038.885	87462.469	89805.898	91785.983	93846.334	95800.318	97313.628	96752.574	95020.687	94696.942	94303.984	87690.173	80163.724
5/26/2015	RTO	73936.074	69581.876	67136.179	65680.776	66542.774	70256.727	77557.716	85171.763	90695.254	95312.181	100163.361	104430.667	108260.805	111841.941	114447.63	116641.363	118081.321	117864.84	115665.609	111832.632	109593.006	106905.31	98692.995	89571.873
5/27/2015	RTO	82001.523	77112.732	74119.191	72434.582	72885.467	76724.159	83655.287	90759.965	95690.769	99623.38	103736.62	107872.613	111291.283	114351.248	116474.811	117187.843	117558.468	116788.189	113467.977	109639.793	107408.196	105055.758	97112.298	87745.251
5/28/2015	RTO	80304.72	75542.525	72663.192	71020.793	71228.97	74921.729	81471.106	88261.128	93315.815	97940.811	102858.737	107411.279	111244.806	115010.654	117906.303	119687.584	120840.049	120150.224	117258.239	113400.229	110386.933	107854.206	99355.568	89541.758
5/29/2015	RTO	81638.896	76301.237	72765.068	71189.14	71232.889	74490.181	80526.964	87409.771	92550.744	97609.505	102314.898	106432.453	109929.664	113614.726	116638.5	118730.078	119894.201	118783.164	115083.341	110053.059	106707.228	104808.862	98197.228	89906.644
5/30/2015	RTO	82225.234	77003.37	73418.122	71250.875	70287.749	70570.874	71812.752	76449.245	83335.941	90151.047	96018.996	100461.136	103713.406	105527.96	106606.668	107370.919	108166.986	107472.65	104790.574	100940.797	98513.051	96969.357	91292.35	84203.155
5/31/2015	RTO	77739.346	73023.411	69793.206	67564.154	66503.822	66289.339	66601.608	70268.702	76597.767	83198.783	88759.233	93467.467	96915.048	99534.118	100878.456	101599.571	101427.144	101173.374	99371.471	96823.917	95848.284	94188.765	88160.927	81120.572
6/1/2015	RTO	75017.134	71286.439	69041.274	67822.678	68847.551	72488.393	79095.612	85394.855	89392.472	92477.344	95503.68	97972.469	99798.916	101341.022	101491.075	101285.799	100059.311	98423.917	96106.246	93987.234	92875.771	90488.803	84449.661	77334.866
6/2/2015	RTO	71706.122	68636.87	66708.773	65912.435	66631.085	70303.75	76472.404	81764.312	84822.405	86786.624	88318.128	89117.351	89173.859	89378.706	88665.448	87999.434	87592.268	87327.06	86411.21	85480.834	85812.605	85119.862	80113.367	73559.424
6/3/2015	RTO	68725.557	65773.625	63884.992	63236.397	64142.826	67990.223	73961.081	79251.719	82487.633	84291.894	85949.177	86991.042	87300.188	88003.259	88246.188	88377.144	88784.527	88867.396	87967.196	86907.859	87129.872	86968.474	81906.579	75285.296
6/4/2015	RTO	69938.102	66778.088	64705.985	63852.978	64696.842	68343.114	74420.435	80105.939	83780.217	86338.027	88778.997	90486.477	91796.031	93540.126	94475.469	95235.965	95895.156	95643.22	94578.837	93240.714	93036.314	92268.883	86976.524	79481.351
6/5/2015	RTO	73466.271	69355.882	66976.763	65889.662	66296.873	69767.461	75060.022	80848.04	85019.886	88093.346	90773.972	92859.743	94219.042	95530.467	96618.965	97265.781	97569.487	96823.823	94725.005	92277.187	90885.99	89944.49	84967.397	78115.292
6/6/2015	RTO	71784.058	67391.681	64953.981	63632.89	63155.216	63880.701	64947.04	68438.486	73195.909	77817.338	81329.72	83589.769	84993.978	85949.555	86746.878	88048.353	89618.185	90657.863	89674.675	87410.21	85258.299	84710.353	80481.509	74186.116
6/7/2015	RTO	68389.902	64540.993	62144.619	60544.234	59877.331	59726.04	59736.406	62914.517	68141.722	73263.707	77149.009	80750.022	83747.475	86041.883	87937.182	89860.369	92015.879	93673.013	93701.297	92444.675	92179.975	92181.451	87158.207	80654.54
6/8/2015	RTO	74847.688	71097.427	68844.99	67753.427	68531.301	72333.842	78570.099	85105.775	90262.549	94478.47	98771.344	102208.945	105323.339	108741.844	111214.682	112825.952	113883.079	112545.515	109922.702	106678.409	104235.684	100864.096	93724.207	85347.562
6/9/2015	RTO	78462.945	73937.197	71256.601	70002.159	70320.931	73842.312	79825.234	86348.558	90981.634	94651.133	98767.08	102354.574	105599.649	108680.612	110853.999	112548.91	114021.908	114190.004	111982.591	108484.231	105820.195	103738.207	96614.673	87554.896
6/10/2015	RTO	80197.787	74925.021	71791.276	70258.293	70201.956	73426.529	79085.388	86067.96	91807.755	97017.88	102298.304	106991.166	111163.608	115425.01	118702.96	121948.496	124053.161	124477.84	121894.039	117520.641	113928.409	111532.759	103804.413	94069.495
6/11/2015	RTO	86059.894	80280.562	76695.446	74631.804	74502.738	77484.362	83177.64	90544.133	97029.241	103330.357	109801.2	116102.684	121265.337	125842.95	128697.747	130683.212	131922.061	131166.794	128334.377	124263.173	121149.371	118662.206	110399.484	100433.22
6/12/2015	RTO	91963.715	85815.871	81707.817	79276.381	79152.993	81835.246	87408.421	95522.082	103234.577	110463.355	117547.344	123114.419	127188.095	129889.832	131051.575	130533.446	129029.682	126625.829	122149.62	117220.021	114043.667	111985.879	105231.269	96632.757
6/13/2015	RTO	88898.503	83581.492	79669.801	76995.643	75430.948	75552.728	76848.884	81789.842	89161.36	95947.346	102009.729	106304.153	109928.652	112486.413	114787.046	116569.56	117699.978	117509.288	115025.698	110863.607	107590.2	105580.371	99753.251	92425.82
6/14/2015	RTO	85380.144	80393.145	76714.735	74132.318	72927.176	72332.267	72545.532	76852.788	84336.635	92178.884	99350.614	105459.591	110850.588	114830.196	117814.916	119594.099	120954.566	120656.81	118558.579	115340.986	112736.422	110206.189	103736.466	95643.92
6/15/2015	RTO	88475.385	83614.547	80667.024	79105.48	79857.321	83509.14	89886.941	97383.828	103820.232	109522.489	115043.565	119814.911	124165.723	127844.802	130498.865	132955.908	134129	133301.268	129934.854	125964.707	122191.282	118662.571	110329.622	100714.863
6/16/2015	RTO	92558.643	86853.105	83204.457	80947.66	81005.889	84186.139	90147.705	97487.044	103998.745	109987.441	115427.15	119723.85	122972.731	125938.597	127572.41	129058.354	130241.208	129246.823	126542.604	121862.816	116897.687	113689.526	105613.717	95788.122
6/17/2015	RTO	87694.756	81983.181	78246.171	76097.845	75960.154	78467.731	83960.189	90828.976	95946.481	99823.335	103384.042	106510.353	108960.984	111349.581	112597.415	112898.653	112340.43	110515.063	107856.37	105054.111	103856.577	102787.246	96690.958	88906.013
6/18/2015	RTO	82238.496	77923.398	75106.789	73867.843	74333.832	78092.293	83673.418	90339.749	95969.768	100690.646	105813.35	110111.085	113782.983	117419.755	119697.134	121368.252	121187.441	118606.717	115406.013	111685.865	108940.115	106534.106	99559.434	91162.669
6/19/2015	RTO	84057.51	79167.741	76062.788	74279.92	74438.331	77456.957	82345.396	88737.731	94300.575	99368.316	104487.416	108210.28	111060.386	113165.64	114500.674	115111.469	115404.784	114407.617	111185.461	106934.958	104303.221	102811.546	97250.042	89395.866
6/20/2015	RTO	82530.686	77767.634	74335.491	72234.099	71280.251	71762.572	72794.473	76153.448	81918.945	87712.035	92640.785	96525.145	99468.866	101652.149	103290.792	104701.367	105366.008	105275.161	103687.167	101663.952	99794.752	98001.358	93539.588	87305.03
6/21/2015	RTO	81238.116	76818.114	74041.672	72203.27	71196.641	71281.435	71411.282	74811.33	81864.892	89286.953	95924.403	101807.594	106666.9	110214.722	113544.906	116618.802	119257.901	120191.967	118801.282	115943.561	113087.89	111876.82	106219.242	97785.901
6/22/2015	RTO	89808.539	84262.607	80488.175	78390.566	78108.811	80554.974	85993.496	94546.687	102309.873	108989.311	115659.36	120880.82	124948.159	128331.235	131501.279	133635.347	134380.742	134544.591	133125.507	129541.784	125754.326	123177.402	115141.769	104922.577
6/23/2015	RTO	96301.354	90564.339	86884.385	84794.019	84964.848	87694.6	93087.809	100612.601	107711.25	114485.058	121117.472	126593.586	130703.39	134243.423	136117.872	136923.299	137287.234	135895.265	129878.862	123716.456	117864.896	113593.728	106257.089	96905.927
6/24/2015	RTO	88719.363	82754.563	78634.978	76027.904	75293.669	77317.049	81932.675	88690.618	94351.895	99048.331	103808.708	107796.104	111448.527	114908.654	117485.439	119726.674	121041.619	120884.114	118515.962	114130.395	109480.07	107124.414	99837.719	90584.983
6/25/2015	RTO	82698.416	77569.517	74229.926	72260.112	72615.163	75314.661	80419.655	86987.188	92652.67	97588.162	102228.997	106377.229	109470.821	112106.943	113554.861	113874.639	113915.006	112662.437	110229.616	107255.688	105112.71	103203.14	96609.653	88478.143
6/26/2015	RTO	81644.726	76988.277	74040.71	72441.106	72726.724	75393.097	80176.157	85815.771	90875.216	95272.804	99250.648	102347.186	104947.114	107132.165	108512.255	109121.919	109106.045	108072.074	105112.315	101475.368	99025.751	97703.403	92282.222	85083.909
6/27/2015	RTO	78578.12	74021.649	71202.388	69370.355	68829.147	69427.602	70710.138	73533.91	77964.514	82269.757	85653.302	87314.5	87752.062	87808.441	87579.615	87166.194	87195.91	87019.07	86397.566	85160.198	84527.47	83817.404	80415.136	75410.909
6/28/2015	RTO	70774.703	67441.382	64880.543	63137.222	62717.628	62698.416	62725.411	65450.068	70204.567	74732.124	78296.118	80705.524	83011.859	84565.607	85621.434	86923.659	88144.56	89122.855	88707.662	87684.696	86756.207	87094.093	83012.887	76863.157
6/29/2015	RTO	71549.105	67888.679	65821.737	64912.417	65580.636	68545.86	73541.326	79368.457	84296.487	88118.329	91783.327	94760.064	96887.862	99106.635	100633.196	101840.845	102748.983	103222.205	101892.844	99463.001	97269.934	95995.384	90163.296	82549.935
6/30/2015	RTO	76166.178	72087.353	69648.548	68496.151	68947.064	72095.395	77171.866	83329.726	88861.337	93407.543	97998.858	102252.899	106118.129	109759.881	111846.909	112568.382	113079.097	112268.894	109316.828	105592.057	103129.45	101356.328	94891.166	86705.164
7/1/2015	RTO	79794.869	74937.111	71745.801	70140.386	70177.332	73053.411	77467.908	82982.896	88059.802	92505.339	96910.461	100776.425	104141.983	107445.537	109664.452	111344.887	112608.429	112491.98	109801.649	105608.385	102479.396	100998.667	94476.737	86367.293
7/2/2015	RTO	79214.513	74513.402	71407.98	69867.977	70067.224	72643.17	77208.38	82581.29	87014.401	90379.138	93758.182	96084.314	97646.874	99029.907	99415.393	99395.655	99255.375	98987.072	97016.606	94167.928	92209.596	91280.398	86224.458	79225.564
7/3/2015	RTO	72916.434	68650.337	65792.322	64162.35	63559.2	64313.19	65609.004	69063.004	73986.91	78945.57	83493.711	87089.894	90106.468	92533.362	94315.562	95843.517	96403.093	96217.431	93852.519	90730.464	89154.408	88011.977	84283.048	78874.839
7/4/2015	RTO	73366.273	69160.461	66453.788	64583.317	63673.36	63907.984	63725.076	66123.602	70826.951	76366.989	80962.416	84840.417	87705.131	89716.868	91204.425	92540.051	93335.702	93083.457	91256.816	88037.381	85130.041	83279.171	80704.88	77226.493
7/5/2015	RTO	72192.167	67998.898	64986.379	63150.708	62221.669	62035.945	61852.366	64245.637	69489.993	75241.107	80908.903	86269.778	90927.187	94737.66	97900.686	100513.854	102762.389	103919.294	103034.849	100603.405	98865.733	97887.755	93079.455	85905.945
7/6/2015	RTO	79647.03	75249.421	72640.637	71399.217	72038.963	75434.371	80558.221	86901.35	93467.241	99597.038	105940.822	111436.595	116163.282	120170.887	122775.246	123941.87	124474.115	124745.433	122782.158	118856.414	115350.468	112898.798	105729.503	96438.075
7/7/2015	RTO	88542.458	83362.321	80010.989	78179.346	78340.583	81336.235	86554.383	93252.804	99201.062	105079.95	111328.078	116816.867	121151.13	124602.622	126340.051	126938.572	126952.816	125863.59	123155.407	118797.471	115206.464	112386.542	104521.845	95785.02
7/8/2015	RTO	88168.564	83081.48	79843.94	77985.006	78110.144	81290.099	86468.23	92049.251	96973.063	101069.046	105770.635	109666.189	112712.16	115260.684	116738.83	116751.967	115752.478	114282.919	111877.507	109232.926	107747.07	106684.414	99931.982	91945.901
7/9/2015	RTO	85310.113	80856.23	77887.373	76306.256	76764.417	80041.136	85653.653	91442.947	96955.342	101854.117	106322.034	110510.826	113997.787	117255.384	118829.95	119929.272	120652.142	120077.878	117545.181	113955.951	111158.036	108909.142	102323.236	94438.333
7/10/2015	RTO	87262.563	82367.998	78947.37	77059.986	76743.922	79018.842	83312.255	89309.584	94648.292	99385.018	103734.423	107220.723	110056.405	112757.991	115069.339	116266.92	117453.165	117070.052	113947.682	109187.695	105384.417	103241.391	97532.58	89777.171
7/11/2015	RTO	82674.054	77514.994	73913.417	71619.267	70478.71	70617.414	71444.085	74703.009	80757.909	86851.08	92785.964	97221.284	100538.288	103085.383	104973.924	106770.938	108315.255	108573.911	107098.809	103239.834	99408.543	98183.129	92983.153	86119.507
7/12/2015	RTO	79722.721	74751.611	71374.81	69183.055	68004.924	67750.07	67624.511	70458.132	76167.341	82509.457	88766.684	94238.949	98926.193	102421.438	105544.662	107815.905	109386.681	110482.66	109653.346	106939.798	104405.754	103145.707	97563.439	90272.315
7/13/2015	RTO	83559.447	78965.019	76117.249	74465.488	74979.909	78019.994	83341.488	89822.178	95827.6	100971.752	106263.446	111558.137	115972.491	119187.273	120601.596	121886.084	122540.313	122531.803	121043.677	117694.165	114441.99	112019.758	104743.515	95446.484
7/14/2015	RTO	87513.271	82466.755	79349.18	77431.889	77618.209	80808.727	85942.214	92664.499	98706.424	104536.966	109985.022	114337.286	118476.42	121481.429	123046.295	124184.662	125252.936	125398.521	122498.682	118377.337	114441.027	111401.796	104425.074	95374.213
7/15/2015	RTO	87736.722	82317.787	78684.511	76722.761	76616.629	79410.808	84205.773	89995.33	94883.491	98747.499	102466.498	104871.275	107133.142	109767.648	112009.705	113729.546	115056.3	114944.311	112120.869	108086.984	104284.628	102288.314	95485.354	87031.215
7/16/2015	RTO	79543.726	74772.701	71444.919	69848.848	69873.168	72612.167	76624.126	82310.336	87171.876	91057.689	94943.254	98144.175	101245.206	104394.073	106859.636	109149.87	111132.472	112110.37	110791.304	107278.873	103993.228	102525.777	95937.256	87771.892
7/17/2015	RTO	80656.826	75919.932	72991.319	71497.881	71836.154	74742.625	79489.27	85753.514	92218.656	98404.612	104333.522	109383.361	113949.63	117322.531	119925.387	121894.766	123830.64	123882.015	121063.057	116836.344	113902.145	111572.46	105431.368	97401.435
7/18/2015	RTO	90027.635	84748.329	80961.419	78333.002	77029.143	77418.522	78262.904	82435.556	90417.077	98256.253	104626.968	109914.794	114276.554	118151.578	122117.178	125814.69	127965.294	128264.731	125794.823	121673.358	117859.778	114979.567	108684.437	100784.01
7/19/2015	RTO	93576.354	87793.541	83674.203	80639.576	78805.876	78114.243	77911.228	82020.187	90864.11	100232.602	109784.485	118195.584	124469.421	128406.693	130711.601	132369.194	133524.615	133567.04	131608.941	127536.763	124033.507	121389.679	114486.614	105886.139
7/20/2015	RTO	98326.734	92674.935	88693.735	86418.426	86197.003	89130.602	93882.487	100770.387	108389.653	115595.104	122793.205	129013.285	134386.698	138751.374	141431.286	142650.914	143064.598	142433.007	140735.981	136637.895	132762.336	129418.628	120220.776	109631.1
7/21/2015	RTO	100799.126	94309.484	90037.291	87472.001	86821.042	89564.077	94317.95	100270.488	106514.144	112314.793	118056.942	122245.618	125422.211	127907.483	129721.284	131127.012	132102.981	131909.026	130178.313	125111.562	119685.61	115556.797	107019.575	97127.152
7/22/2015	RTO	88852.91	82954.506	79050.963	76606.866	76143.263	78378.59	82608.453	88751.699	94607.167	99877.338	104510.798	108762.304	112132.385	115538.263	118292.162	120514.779	122115.934	122269.631	119766.607	114290.133	109820.927	106987.242	99519.178	90603.406
7/23/2015	RTO	83111.9	77906.787	74610.351	72671.064	72572.084	75654.546	80107.975	85962.577	92056.139	97732.123	103231.465	107781.417	111641.107	115255.197	117850.386	119990.99	121755.388	122145.835	120105.508	115848.083	111130.471	108107.412	100639.39	91452.153
7/24/2015	RTO	83788.988	78358.553	74992.538	72995.961	72931.186	75494.589	79741.313	85782.087	92539.851	98811.267	104877.145	109790.26	114087.56	117531.278	120773.881	123046.07	124661.396	124626.667	122324.543	117331.061	111928.751	108506.227	101382.963	92539.483
7/25/2015	RTO	84751.009	79130.197	75373.409	72639.932	71474.428	71575.362	72185.877	76188.235	83505.38	91589.975	99246.045	106000.116	111291.32	115097.021	118233.756	120848.68	122782.299	123128.881	121225.558	116687.447	112131.428	109458.191	103056.259	94781.3
7/26/2015	RTO	87383.762	81685.089	77538.51	74602.167	72962.203	72423.918	72075.985	75040.06	82333.236	90548.777	98721.372	105587.424	111231.927	115614.285	118560.929	120583.409	121482.947	121448.081	119045.519	115388.67	113319.445	111556.363	104944.073	96966.284
7/27/2015	RTO	89572.115	84653.111	81501.327	79787.25	80066.393	83354.828	88623.613	94320.24	100699.865	106732.122	113569.641	119513.577	124861.107	129450.29	132514.227	134057.001	135191.807	135699.317	133738.212	129026.062	124716.362	121248.723	112640.034	103048.57
7/28/2015	RTO	94432.804	88263.206	84168.404	81615.446	81509.721	84214.089	89308.125	96108.648	104108.671	112380.887	120948.259	128114.544	133737.698	138084.068	140957.273	142525.659	143633.324	143125.405	140840.761	135930.359	131725.303	127875.18	118568.048	108435.577
7/29/2015	RTO	99532.396	93175.418	88846.907	85940.283	85491.656	88177.813	93055.782	99754.422	106913.09	114728.227	123162.913	130149.601	135352.057	139081.499	141365.491	142181.728	142224.538	142056.126	140373.894	135820.97	131674.391	127528.194	118557.539	108448.694
7/30/2015	RTO	99906.583	93884.44	89598.512	86873.477	86341.428	89066.538	94116.915	99833.199	106570.314	113766.665	120861.113	126612.91	130951.849	134371.46	134523.544	134007.248	133971.261	134052.088	132371.18	127776.318	123325.038	119847.865	111435.204	101532.013
7/31/2015	RTO	93014.295	86689.17	82252.126	79256.659	78407.036	80620.625	84598.326	90692.755	97934.138	104551.529	111715.964	117843.904	122583.662	126139.192	129108.641	131282.902	132543.342	132104.407	128965.623	122740.464	116511.635	112333.921	104564.82	95626.293
8/1/2015	RTO	87632.121	81755.756	77581.68	74627.495	73214.628	73235.544	73691.397	77317.577	84881.432	92593.718	99621.623	105260.856	109507.653	112625.439	115059.374	117380.116	119285.4	119401.193	117285.186	112668.549	108026.179	104973.614	98354.177	90526.039
8/2/2015	RTO	83704.234	78375.259	74460.1	71856.711	70382.927	69882.301	69561.181	72380.604	79360.674	87184.001	94410.887	101504.413	107463.846	112247.916	116168.631	119417.453	121655.599	123913.952	123140.681	119401.352	115326.89	112829.288	105269.88	96495.552
8/3/2015	RTO	88187.898	82601.34	78970.168	76892.691	76811.084	79576.405	84402.296	90331.922	96590.645	103063.776	109774.324	115790.371	121195.691	126014.583	129623.298	132111.528	133436.262	133074.978	130430.153	125519.724	121203.267	117343.81	108446.292	98882.613
8/4/2015	RTO	90958.519	85435.879	81447.501	79214.536	78744.495	81556.497	86134.604	91407.173	97906.386	104901.735	112184.72	118340.053	123126.542	127241.99	130216.434	132306.187	133417.711	132460.98	128822.969	123285.447	118649.607	114946.374	105941.533	96351.183
8/5/2015	RTO	88375.213	82788.534	79103.437	76985.101	76672.122	79483.362	84283.418	89362.686	95614.931	101874.181	108181.741	113705.537	118426.851	122468.234	125511.247	127524.377	128970.062	128776.151	125324.936	119538.379	115647.856	112150.107	103403.746	94103.05
8/6/2015	RTO	86491.633	81172.692	77691.346	75644.045	75574.972	78500.369	83375.632	88298.441	93031.96	97494.444	101772.501	105352.467	108164.532	110643.501	112596.394	113634.386	113806.745	112853.068	109823.729	106676.183	105423.577	102735.025	96261.078	88678.784
8/7/2015	RTO	82007.702	77569.191	74703.093	72918.029	73147.824	75908.669	80772.182	85440.021	90467.219	95098.886	99528.032	103026.307	105846.233	108709.492	111327.361	113119.031	113834.843	113228.934	110531.487	106532.599	104155.959	102555.429	96056.459	88459.659
8/8/2015	RTO	81690.261	76899.998	73572.05	71485.281	70477.069	70944.532	71966.97	74826.707	80763.901	87203.675	93218.551	98149.404	101666.006	104203.188	106117.04	107308.358	108011.864	107613.324	105773.788	101973.287	100155.319	98676.47	93049.426	86260.998
8/9/2015	RTO	79872.68	75183.53	71935.105	69699.147	68531.404	68489.685	68771.913	70903.171	76900.892	83622.091	89757.79	95296.435	100093.317	103654.691	106521.827	108737.677	110048.582	110418.619	108737.597	105910.341	105064.335	103635.028	97556.454	90253.344
8/10/2015	RTO	83955.493	79618.197	76762.037	75301.914	76000.857	79716.823	85766.128	91293.716	96693.157	101806.274	107016.465	110931.683	114269.381	116514.659	116989.715	116678.05	115874.734	114813.294	112740.394	110343.6	109483.552	107041.78	99762.666	91999.291
8/11/2015	RTO	85177.906	80811.093	77913.195	76618.647	76953.511	80634.753	87022.715	91710.446	96414.566	101062.221	106395.686	110563.946	114128.257	117927.385	120434.901	121903.547	122696.05	122046.499	119430.333	115058.409	112085.421	108570.018	100227.78	91477.223
8/12/2015	RTO	83791.409	78576.429	75233.687	73444.427	73220.612	76359.564	81564.485	86610.082	92195.17	97233.081	102274.196	105818.634	108646.371	111262.819	114147.514	116382.555	117991.817	118229.452	115544.914	110808.338	107516.302	104254.198	96061.342	87309.007
8/13/2015	RTO	80174.773	75448.646	72399.57	70768.025	70982.13	74116.535	79295.276	84278.858	89444.295	94722.661	100041.306	104376.953	108291.952	111842.747	114939.833	117306.124	119328.956	119697.697	116945.157	111939.614	109123.949	105798.151	97578.724	89131.433
8/14/2015	RTO	81838.437	77089.44	73810.94	71899.58	71961.214	75017.745	80151.502	85120.945	90742.753	96274.836	101497.323	106388.933	111585.065	116657.176	121239.031	124580.299	126917.582	127062.573	123907.136	117634.329	114105.137	110242.904	102135.034	92759.074
8/15/2015	RTO	84704.425	79157.386	75077.395	72649.307	71251.139	71815.129	72931.896	75663.959	82475.862	89911.191	97129.251	103977.392	109786.556	115052.548	119073.145	122006.983	123513.467	123009.34	119953.761	115144.042	111626.735	107897.619	100512.317	92516.368
8/16/2015	RTO	85277.205	79682.669	75716.525	72927.007	71337.605	71020.858	71124.579	73390.302	80337.647	89156.517	97914.48	106278.276	113411.693	119027.314	123017.23	126380.912	128776.391	129802.786	128037.706	123468.665	120578.906	116448.399	107752.511	98320.495
8/17/2015	RTO	90613.157	85101.829	81652.037	79517.987	79526.71	82905.198	88812.688	94554.306	101652.827	110183.448	119008.832	127178.162	133528.386	137802.537	139649.615	139642.925	139481.661	138100.181	134818.105	130364.311	128109.055	122410.365	112219.702	101997.558
8/18/2015	RTO	93823.965	88311.154	84464.244	82217.631	82206.873	85298.871	91560.714	96816.08	102014.577	107554.523	113973.973	120082.835	125076.072	129010.365	131428.807	132550.455	133464.383	132446.856	129072.577	124883.56	123577.191	118596.489	108881.527	99323.142
8/19/2015	RTO	91517.372	86621.256	83432.746	81535.729	81891.2	85628.507	92438.529	98091.784	104019.344	110017.357	116353.348	121342.212	126023.244	129855.946	132299.418	133286.067	133353.85	131513.153	127533.327	122724.625	121300.653	116791.341	107866.546	98778.175
8/20/2015	RTO	91499.438	86711.855	83609.208	81999.15	82309.16	85808.244	92788.263	97578.033	101805.391	106555.228	110445.132	114120.259	116842.896	119354.417	120720.887	121231.461	121714.36	120805.738	117449.947	113443.767	111353.99	107754.675	99794.48	91599.32
8/21/2015	RTO	84669.142	80048.256	76951.525	75042.743	75158.17	78115.616	83710.264	87979.098	92971.41	97638.437	102278.842	105838.116	109069.565	112430.795	115684.81	117557.249	119364.301	118596.602	115040.881	109165.176	105965.985	102033.004	94953.397	86865.152
8/22/2015	RTO	79791.32	74846.003	71362.953	69157.93	67963.824	68603.441	69732.007	71921.545	77492.876	83359.486	88327.233	92582.236	95924.661	98739.041	101445.401	104137.005	106427.931	106985.286	104786.299	99894.703	97743.463	94337.702	87990.945	81090.656
8/23/2015	RTO	75112.466	70813.454	67935.14	66102.987	64954.902	65177.77	65782.26	67375.006	72520.949	78501.717	83770.24	88825.724	93517.136	97886.479	101652.049	105041.804	107949.35	109330.685	107830.879	104742.812	104262.951	100855.153	93616.134	86335.708
8/24/2015	RTO	79945.291	75650.197	72915.143	71495.942	72165.147	75834.36	82307.236	86829.37	91957.494	97321.395	103008.797	108122.138	112777.695	116656.498	119401.589	121093.746	121792.623	120475.558	117070.103	112579.712	111167.378	106604.68	97774.733	89042.039
8/25/2015	RTO	82201.716	77933.053	74974.737	73226.281	73426.997	76947.412	83238.908	87566.831	92163.632	96532.632	100829.789	103908.373	106401.499	108724.967	110359.331	111347.606	112073.384	111649.968	108510.998	104557.074	104032.64	99489.148	91424.611	83201.442
8/26/2015	RTO	76850.857	73000.266	70180.56	68942.691	69343.187	72948.808	79690.128	84017.933	87672.376	90771.087	93747.704	96228.81	98294.383	100312.865	101340.983	101814.05	102853.751	102435.152	100331.754	97777.704	98138.259	94838.295	87400.2	79885.775
8/27/2015	RTO	74215.034	70705.903	68414.954	67339.51	68065.888	71817.14	78633.807	83039.227	86865.898	90404.903	93746.856	96268.266	98455.04	100659.565	101860.185	102550.889	103565.234	103231.56	101036.945	98271.215	98931.664	95490.706	87945.471	80196.246
8/28/2015	RTO	74315.396	70348.945	68105.866	66895.189	67349.598	70870.725	77036.851	81942.885	86088.835	90299.132	94363.221	97594.305	100410.692	102956.223	104805.14	106286.568	107563.422	107096.432	103871.845	99640.036	98861.978	95043.794	88688.097	81411.818
8/29/2015	RTO	75142.26	70867.388	67930.7	66243.57	65641.106	66389.426	68193.148	70675.26	75889.601	81917.082	87725.22	92661.893	96840.332	100370.703	103031.675	105259.305	106635.231	106373.323	104108.532	100909.46	100811.747	97318.369	91464.731	84599.372
8/30/2015	RTO	78551.399	74205.023	70877.123	68786.33	67866.971	68039.312	68723.718	70364.464	75742.875	81956.901	88301.782	94350.138	100289.134	105124.747	109150.666	111741.452	113921.873	114420.531	112298.374	110272.292	110360.1	106058.603	98504.251	90614.843
8/31/2015	RTO	84154.777	79596.468	76824.424	75526.373	76197.197	80577.077	88885.895	93753.719	98271.908	103502.175	109715.872	115741.184	120702.997	125015.746	128766.743	131434.437	133379.99	133453.228	130420.735	126187.172	124640.629	118254.217	108015.375	98292.279
9/1/2015	RTO	90310.904	84612.489	80836.556	78822.072	78882.907	82718.643	90526.572	95539.709	100838.589	107331.032	115010.199	122123.075	128443.344	133311.598	136369.073	137946.168	138974.881	138618.65	135883.443	131708.142	129728.862	122760.208	112167.47	101937.591
9/2/2015	RTO	93316.035	87641.904	83322.846	80874.326	80664.917	84679.39	92514.843	97023.237	101740.806	108077.987	115464.275	122748.368	129232.96	134511.581	137575.769	138663.818	138255.641	136927.701	133723.369	129383.393	127331.997	121240.482	111030.86	100830.613
9/3/2015	RTO	92624.955	87254.168	83394.133	81019.391	80861.68	84803.362	92544.971	97413.733	102716.272	109171.607	116962.016	124389.723	131238.477	136556.299	139315.205	140459.88	141209.957	139944.259	136788.833	132565.96	129872.611	122769.558	112688.346	102595.707
9/4/2015	RTO	94067.819	88403.567	84513.773	82253.303	81975.267	85068.068	91906.003	96695.248	102005.634	108099.629	114742.306	121345.456	126654.759	130832.039	133022.267	133168.823	132061.779	128910.286	123080.943	118135.833	115484.358	110140.951	102595.027	94319.548
9/5/2015	RTO	87003.327	81733.308	77792.553	75297.068	74136.134	74546.421	76118.984	77954.56	83652.146	90209.11	96341.289	101407.77	106039.37	109751.594	112771.134	114756.862	115999.966	115355.668	111861.334	107662.968	106102.067	101363.966	94832.818	87415.208
9/6/2015	RTO	80926.38	75751.547	72355.08	70087.935	68780.527	68690.283	69374.321	70523.348	76110.979	83615.037	90799.78	97824.567	103602.535	108478.592	112162.488	114906.661	116603.99	116818	113814.884	109277.538	107373.652	102546.879	96018.257	88913.356
9/7/2015	RTO	82212.99	77184.701	73452.692	71312.926	70366.752	71055.396	72446.54	73652.823	79186.627	87728.102	96598.185	105116.384	112172.31	117255.887	121381.902	124812.524	127349.667	128068.498	125639.972	122204.919	120969.571	114410.831	105056.125	96068.548
9/8/2015	RTO	88600.275	83422.74	80006.352	78076.929	78376.941	82589.448	91042.045	96798.811	102389.957	109208.48	117167.217	124404.149	130506.746	135037.099	136881.584	137553.775	138388.212	137909.645	134994.931	131252.785	129801.375	122119.663	111763.659	101647.454
9/9/2015	RTO	93403.019	87823.353	84119.884	82129.757	82430.552	86489.394	95099.697	100337.61	104262.922	109111.977	114910.478	120664.681	125670.172	129662.935	131397.355	131700.878	131319.783	129490.64	126078.599	123711.146	122149.595	115728.872	106244.209	96991.263
9/10/2015	RTO	89591.403	84826.597	81550.347	79316.968	79641.331	83625.972	92040.108	96480.503	99198.16	102362.106	105363.32	107598.787	109418.806	110677.339	111016.798	110922.828	111038.628	110340.52	108231.164	106654.791	106094.992	101162.091	93496.542	85550.465
9/11/2015	RTO	79064.104	74701.362	72598.5	70914.152	71584.939	75133.373	83095.557	87520.118	90443.647	93660.48	97011.159	99867.374	102195.557	104959.413	106328.195	107369.28	107714.762	106575.619	102657.805	99534.56	98241.503	93818.129	87593.336	81028.368
9/12/2015	RTO	75193.157	71049.036	68373.824	66390.49	65999.556	67130.713	69565.814	72239.035	76560.238	80681.454	83895.96	85812.707	86445.982	86344.295	85876.859	85267.34	84940.192	84879.705	84347.173	85279.105	86000.318	83695.218	79054.41	73936.039
9/13/2015	RTO	69388.072	66295.766	63908.385	62456.187	61715.838	62273.143	63594.682	64942.37	68423.075	72433.463	75091.537	76836.647	78215.274	79053.634	79182.135	79256.439	79694.962	80398.516	80110.07	81026.372	83046.609	79406.123	74298.228	69315.296
9/14/2015	RTO	65519.105	63253.073	61909.506	61549.109	62804.42	66976.132	74593.617	78873.395	81324.401	83719.11	86115.785	87842.327	88966.744	90214.091	91519.498	92801.839	94292.644	94824.208	93709.81	93393.289	93895.013	89196.846	82175.434	75344.157
9/15/2015	RTO	70288.713	67020.12	65136.891	64391.811	65396.641	69320.465	76999.052	81406.205	83804.874	86514.91	89530.486	92606.483	94756.893	97496.886	100154.225	102588.617	104792.223	105340.873	102965.285	101010.041	100550.437	94628.469	86385.782	78764.709
9/16/2015	RTO	72843.484	69238.907	67138.074	66056.521	66816.38	70705.307	78304.674	82543.461	85334.591	88915.937	92936.87	96643.739	100237.77	103887.452	107311.828	110139.527	112260.041	112438.672	109488.661	107042.897	105609.228	99382.028	90667.773	82524.622
9/17/2015	RTO	76036.67	72061.527	69507.276	68148.702	68630.718	72482.272	80199.262	84252.047	87194.224	91093.395	95330.352	99666.739	103636.137	108095.003	111356.496	114326.556	116254.031	115469.333	111414.166	108803.286	107656.961	101733.481	93084.606	84273.133
9/18/2015	RTO	77948.038	74129.568	71191.138	69686.854	70102.119	74017.621	81487.269	85309.803	88910.993	92803.642	96969.384	100564.865	104095.78	107559.477	110308.921	112093.573	113052.313	111788.54	107576.659	104994.333	103004.027	98064.471	91388.251	83885.955
9/19/2015	RTO	77351.332	72981.766	70144.959	68444.983	67676.264	68331.984	70796.077	73256.293	77880.259	82837.998	87360.199	91389.171	94390.012	96804.044	98645.528	99824.542	100447.038	99929.052	97285.119	95792.29	94660.24	90488.051	84680.182	78249.55
9/20/2015	RTO	72917.273	69179.666	66541.418	64825.237	64083.468	64255.205	65420.903	66660.96	70369.275	74365.783	77236.233	79681.345	81657.533	83379.529	84864.862	86522.401	87983.893	88798.554	87502.615	88071.842	88880.216	84005.976	77828.295	72114.974
9/21/2015	RTO	67811.979	65046.992	63600.058	62956.523	64142.078	68277.422	76408.267	81177.262	83059.355	85148.955	87514.463	89199.844	90559.82	91617.803	91779.607	91785.276	92300.264	92352.543	91738.802	92516.635	92302.658	87631.117	80879.643	74501.867
9/22/2015	RTO	69575.386	66673.609	64906.323	64113.97	65091.362	69185.07	77363.821	81877.789	83730.391	85950.201	88510.515	90052.443	91705.242	93472.983	94287.183	95073.776	95800.386	95703.644	94526.754	94908.325	94844.808	90059.762	82856.697	75985.085
9/23/2015	RTO	70731.706	67564.096	65503.189	64577.956	65221.346	69006.362	76806.032	80883.79	83186.408	85844.171	89126.395	91344.366	93106.914	95390.129	97324.099	98814.186	100172.051	100086.509	97772.435	97221.408	96472.503	90736.715	83330.137	76178.262
9/24/2015	RTO	70586.255	67368.726	65383.105	64405.433	65242.633	69018.344	77147.036	81552.63	83478.932	85971.879	88725.379	91624.708	94050.893	96319.918	98052.537	99567.221	100534.381	100055.008	97256.458	97423.987	96936.652	91494.682	84372.414	77003.514
9/25/2015	RTO	71670.515	68217.74	66201.049	65391.252	66043.324	70246.742	78096.337	82381.239	84628.962	87052.973	89391.408	91026.77	92220.723	93274.159	93654.912	93068.726	92058.307	90553.923	88674.278	89235.761	88373.075	84781.652	79963.021	74260.399
9/26/2015	RTO	69183.758	65816.667	63411.206	62110.192	61802.246	62944.719	65592.918	68231.561	71781.122	75274.335	77654.433	78861.481	79411.788	79736.675	79686.95	80064.227	80235.79	80232.065	79774.413	81360.758	81500.102	78778.295	74624.485	69848.78
9/27/2015	RTO	65817.317	62804.861	60823.863	59661.145	59296.076	59970.237	61491.586	63472.996	67020.418	70622.001	73163.849	75441.355	77295.311	78636.273	79527.377	80589.857	81609.074	82822.708	83889.46	86832.896	87011.577	83385.073	78157.53	73280.733
9/28/2015	RTO	69045.999	66309.86	64775.505	64473.202	65716.561	70263.032	78838.003	84726.176	87117.916	89711.093	92510.754	94965.546	97310.215	99855.535	101620.201	102717.535	103334.897	103335.944	102506.912	104417.657	103341.888	98218.212	90802.217	83253.833
9/29/2015	RTO	77282.48	73424.185	71093.85	70108.361	70875.087	75398.253	84199.704	89988.996	92235.638	94661.731	97442.991	99486.408	101000.306	102180.496	101828.816	100926.933	100465.127	100357.142	100653.255	102158.377	100567.853	95642.907	88868.558	81896.333
9/30/2015	RTO	76090.829	72648.854	70602.531	69899.484	70628.267	75076.109	83962.935	89435.98	91112.526	93015.453	94632.358	95899.399	96416.804	96534.7	95529.713	94647.411	93785.193	92597.118	91726.877	93320.727	92495.286	87748.254	81082.358	74310.831
10/1/2015	RTO	69204.828	65946.183	64020.964	63331.713	64020.727	68011.901	76074.194	80979.429	82250.693	83235.433	84073.293	84295.463	84315.404	84253.234	83761.274	83093.575	82838.197	82913.878	83587.517	86055.701	85629.096	82126.114	76504.124	70931.097
10/2/2015	RTO	66564.308	63760.462	62312.615	61661.359	62694.168	66710.13	74480.069	79963.995	81601.983	82878.058	83951.961	84143.267	83994.825	83818.113	83307.532	82473.734	82576.148	82711.259	83336.302	84604.004	83633.504	80564.439	76066.159	71189.363
10/3/2015	RTO	67011.021	64314.319	62924.957	62019.778	61947.884	63301.873	66195.611	69762.327	73528.904	77255.545	79437.964	80057.163	79576.053	78658.229	77771.075	77172.562	77325.802	77808.246	79089.283	80818.586	79998.67	77338.24	73564.334	69317.724
10/4/2015	RTO	65328.344	62645.414	60838.227	59880.179	59646.244	60475.78	62498.212	64825.981	67821.852	70881.431	72320.135	72969.029	73206.189	72844.388	72535.351	72608.456	73359.622	74823.228	76648.193	80481.26	80445.954	77052.186	72575.91	67747.9
10/5/2015	RTO	64414.872	62199.108	61267.858	61103.12	62552.704	66964.137	75599.996	80662.561	81998.569	82673.195	83490.482	83938.965	84393.59	84932.165	84881.643	84600.15	84785.982	84929.087	85569.266	88822.853	87575.827	83346.976	77211.905	71313.503
10/6/2015	RTO	66976.253	64224.684	62892.824	62518.741	63635.591	68096.214	76444.87	81353.228	82032.455	82833.394	83987.388	84449.857	85260.101	86011.733	86527.029	86866.611	87057.521	86849.304	86812.404	89817.754	88906.39	84382.572	77914.021	71949.204
10/7/2015	RTO	67271.665	64500.905	62973.833	62406.086	63396.383	67645.536	75915.76	80991.878	82051.66	83334.395	84526.021	85695.858	86814.956	87832.877	88569.09	88820.791	89223.206	88773.283	88161.744	90766.345	89365.548	84812.169	78417.774	72185.458
10/8/2015	RTO	67290.115	64282.965	62821.642	62131.234	63042.625	67188.754	75323.507	80265.28	81377.334	83042.981	84976.63	86618.281	88151.661	89731.911	90397.007	90457.425	90429.985	89656.953	89452.851	92076.333	90823.411	86529.634	80403.039	73797.191
10/9/2015	RTO	68873.304	65935.565	64219.507	63292.96	64026.897	68037.967	75979.748	81248.193	83131.639	85031.7	87002.469	88358.509	88878.873	89305.013	89458.745	89246.723	88466.937	87683.512	86884.497	87483.187	85592.238	82082.696	77095.34	71645.296
10/10/2015	RTO	66697.893	63399.218	61411.591	60323.66	59992.315	61174.588	63924.374	67048.929	69838.525	72398.223	73662.784	73838.668	73302.004	72714.49	72295.444	72250.59	72659.856	73056.695	73906.954	76739.792	76155.035	73875.844	70384.037	66540.05
10/11/2015	RTO	62915.54	60559.955	59094.28	58396.797	58452.545	59451.518	61671.529	64107.614	66998.512	69249.355	69861.98	70262.001	70603.734	70877.418	71251.673	71875.577	73020.136	74664.14	76128.766	79721.903	79017.065	75500.905	71187.587	66948.179
10/12/2015	RTO	63462.928	61276.4	60401.477	60356.245	61881.3	66134.217	73766.356	79024.017	80684.196	82231.097	83813.84	84662.145	85315.033	85958.574	86310.886	86543.568	86997.06	86936.173	87467.982	90149.831	88178.864	83889.173	77610.228	71614.979
10/13/2015	RTO	67031.764	64292.815	62825.895	62281.119	63279.536	67501.042	75882.868	81104.645	82062.943	83383.28	84728.172	85525.868	85936.94	86371.356	86140.091	86013.241	85979.559	85987.345	87130.434	89377.944	87760.144	83191.319	77286.513	71266.455
10/14/2015	RTO	66914.363	64077.652	62474.97	62126.514	63142.214	67441.395	75746.431	81212.287	82044.345	82591.984	83374.087	83584.471	83923.623	84247.863	84196.536	83717.064	83682.146	83499.578	84709.783	87564.417	86299.625	82368.248	76553.79	71008.826
10/15/2015	RTO	66910.474	64678.341	63239.464	63160.423	64384.517	69123.098	77813.51	82995.967	83713.749	83626.09	83736.101	83641.728	83390.806	83457.052	83224.17	83023.584	83024.877	82999.424	84174.455	87080.044	85919.277	82157.693	76763.689	71099.582
10/16/2015	RTO	66992.867	64458.456	63224.295	62987.791	64324.677	68707.093	76676.658	81975.29	82758.793	83276.97	83426.801	83178.62	82572.481	82246.607	81507.327	80585.967	80288.549	80211.789	81210.439	83650.014	82613.122	80047.046	76175.415	71594.835
10/17/2015	RTO	67557.532	65201.76	63923.443	63611.691	64005.691	66065.454	69478.568	73246.839	75978.114	77356.353	77351.647	76659.527	75853.516	74783.223	73764.529	73277.969	73545.333	74621.042	77277.199	80754.187	80309.832	78553.511	75621.423	72091.239
10/18/2015	RTO	69031.036	67139.844	66104.334	65854.145	66458.212	68243.751	70957.36	74032.987	76751.148	77621.274	76723.349	75831.6	75374.598	74956.862	74183.081	73796.928	74652.889	76693.224	80327.924	85237.715	85294.454	82561.428	78856.943	75002.981
10/19/2015	RTO	72256.518	71049.503	70644.089	71491.693	73907.035	79395.565	89021.354	94824.674	94731.548	92717.654	90621.302	88779.263	87407.817	86038.284	84696.229	83997.251	83946.668	84953.689	87863.143	91614.978	90571.461	86948.556	81679.821	76228.052
10/20/2015	RTO	72283.743	70092.288	69055.001	68977.833	70740.338	75950.624	84352.325	89522.365	88805.678	87631.275	86866.839	85778.788	84895.409	84571.632	84266.03	83890.248	83808.156	83948.428	86058.639	89370.16	87874.645	83638.511	77733.407	72246.548
10/21/2015	RTO	68372.045	66304.032	65268.203	65053.718	66689.87	71675.017	80708.261	85924.597	85957.902	85331.95	85226.95	84857.882	84881.409	85275.83	85227.889	85057.294	84936.543	85067.57	86554.731	89211.281	87559.555	83337.197	77580.308	71667.124
10/22/2015	RTO	67447.249	65095.252	63872.357	63510.813	64881.638	69474.941	78251.579	83860.038	84291.025	84253.972	84540.269	84738.784	84841.718	85478.19	85713.018	85485.684	85583.663	85371.673	87153.611	89537.949	87563.296	83427.807	77669.111	71710.66
10/23/2015	RTO	67253.191	64541.671	63073.98	62524.512	63703.55	67832.982	76172.615	81696.629	82289.987	83067.724	83491.301	83362.516	82913.955	83231.82	82741.77	82239.858	82039.705	81773.036	83057.866	84303.729	82451.937	79668.491	75512.139	70572.507
10/24/2015	RTO	66467.982	63858.462	62299.323	61527.538	61936.967	63593.721	66923.622	70645.09	73628.169	75844.675	76903.097	76688.111	75852.955	74819.623	73993.405	73504.47	73958.337	75426.015	78326.651	79462.109	78015.601	75611.767	71977.208	67717.993
10/25/2015	RTO	63786.143	61372.548	59776.143	58884.596	58782.249	59563.705	61610.804	64635.252	67563.081	70369.895	71802.471	72245.221	72447.568	72073.037	71596.745	71487.146	72138.561	73428.828	77341.437	80613.418	79588.721	76262.041	72048.233	67957.783
10/26/2015	RTO	64791.971	63064.912	62356.23	62644.356	64575.111	69797.071	79074.265	85630.709	86102.638	85885.401	85625.416	84973.017	84128.096	83422.629	82657.355	82042.093	82275.406	83279.979	87040.032	89916.024	88222.739	84671.373	79269.748	74112.801
10/27/2015	RTO	70125.778	68135.007	67004.457	67074.9	68601.687	73563.241	82548.632	88392.551	88405.76	88084.336	87537.898	86991.417	86471.388	86005.584	85323.362	84929.876	85224.435	86875.1	90668.317	91828.127	89661.583	85686.267	79917.017	74164.688
10/28/2015	RTO	70098.334	67663.743	66230.633	65644.017	66860.853	70986.735	79229.389	85199.884	86498.406	86962.316	87906.183	88041.88	87899.146	87919.682	87341.948	86771.54	87162.487	87951.951	90302.47	90891.597	88813.952	84859.221	79151.275	73421.679
10/29/2015	RTO	68912.629	66354.366	64898.406	64099.095	65449.121	69912.466	78426.823	84510.283	85118.42	85615.046	86252.645	86271.018	85825.03	85265.636	84608.021	83860.202	83540.136	84175.095	87166.302	89136.74	87767.295	84278.017	78645.574	73116.931
10/30/2015	RTO	69067.338	66604.553	65565.289	65436.658	66835.831	71286.161	80303.336	86631.662	87132.03	86433.072	86139.531	85302.626	84304.047	83312.638	82270.806	81467.313	81518.076	82227.492	84962.658	86131.863	84773.248	82326.504	78533.533	74006.952
10/31/2015	RTO	70278.55	68022.341	66901.498	66458.538	66932.964	68916.433	72295.279	75985.346	78878.165	79885.11	79901.412	78930.434	77555.681	76374.57	75300.054	74839.718	75305.539	75909.749	78076.648	78474.373	77719.899	75979.688	73179.724	69375.079
11/1/2015	RTO	65833.632		61162.57	60639.415	60852.867	62471.139	64661.642	67215.891	70568.26	72600.989	72910.189	72638.944	72588.211	72010.6	71735.61	71822.097	73614.679	78986.815	81554.349	80614.382	78727.759	74872.081	70764.728	66840.28
11/2/2015	RTO	63935.078	62564.915	61918.134	62120.578	64203.311	69403.296	78163.023	82506.688	83952.439	84795.955	85523.834	85668.403	85491.498	85503.391	84920.068	84452.227	85379.441	89198.095	91501.567	90054.114	87216.535	82922.905	77331.646	71799.603
11/3/2015	RTO	68314.36	66370.764	65379.051	65483.173	67527.188	72978.838	80890.938	84433.26	84766.399	84704.569	84984.566	85526.02	85697.724	86218.329	86261.346	86161.225	86304.731	89485.557	91924.418	90250.994	87585.285	83108.572	77068.755	71261.537
11/4/2015	RTO	67312.873	65308.688	64139.642	64027.575	65837.238	71019.158	79364.694	83229.194	83922.23	84339.265	84973.136	85545.333	86087.157	86805.049	86957.16	86592.774	86815.295	90792.471	92479.125	90649.127	87694.56	83154.377	77223.364	71625.327
11/5/2015	RTO	67444.575	64999.823	63664.277	63483.844	64712.604	69368.396	77930.186	82276.708	84372.883	86068.686	87342.339	88023.284	88593.306	89263.749	89166.614	88777.037	89013.891	92608.552	94038.324	92221.089	89372.537	85042.495	78776.552	73160.295
11/6/2015	RTO	68794.16	66200.241	64722.011	64177.363	65160.281	69490.122	77542.687	82578.587	84714.408	86439.321	87800.551	88259.271	88280.73	88124.823	87895.809	87036.535	87096.499	90588.645	90734.806	88411.765	85757.964	82237.084	77326.653	71870.049
11/7/2015	RTO	67303.875	64306.151	62627.783	61685.207	61770.226	63465.154	66052.859	69326.069	73165.974	76031.738	77065.484	77360.189	76973.162	75920.616	75048.343	74715.68	76099.189	80201.958	81637.966	80392.53	78963.101	76664.715	73411.991	69728.641
11/8/2015	RTO	66579.257	64594.889	63362.473	63156.671	63753.128	65314.128	67996.781	70222.978	72709.7	73745.002	73428.058	72930.851	72569.53	72057.383	71600.35	72102.714	74288.741	81345.883	84934.253	84743.614	83720.968	80867.283	77049.178	73534.068
11/9/2015	RTO	71125.751	69769.485	69615.843	70287.659	72716.385	78288.261	87745.518	91868.254	91519.392	90562.019	89863.089	88940.26	88324.506	87888.851	87108.219	86694.991	88699.85	93725.112	95207.25	93612.456	90858.57	86483.226	80567.582	75185.735
11/10/2015	RTO	70994.595	68724.419	67584.627	67262.067	68745.895	73357.425	81952.182	86636.235	87039.175	87618.025	88341.173	88091.268	87563.563	87254.049	86564.143	86288.449	87872.245	91943.645	93217.714	91559.694	88956.345	84992.244	79879.163	74538.587
11/11/2015	RTO	70708.39	68513.007	67502.995	67505.759	69113.521	73628.48	81244.791	85423.147	86168.619	86212.942	86091.196	85391.511	84603.408	84061.699	83329.658	83095.47	84777.399	90253.787	91640.86	90208.63	88137.741	84588.32	79304.122	74041.488
11/12/2015	RTO	70065.316	68052.07	67044.344	66957.352	68478.818	73419.775	81850.644	86536.164	87384.768	87931.128	88405.583	87713.192	87090.079	86726.53	85926.474	85711.859	87351.012	91856.875	92782.136	91284.056	89232.014	85227.385	79578.548	74118.328
11/13/2015	RTO	70246.558	68090.732	67144.622	67213.835	68927.868	73687.155	82290.329	86664.074	86890.081	86396.601	86120.433	85308.766	84640.098	83972.846	83269.735	82845.116	84558.973	89871.78	90995.454	89850.198	88428.907	85683.667	81730.737	77028.306
11/14/2015	RTO	73344.092	70932.081	70001.044	69644.221	70529.491	72575.211	76081.381	78988.974	81016.743	81773.953	81167.57	79781.549	77900.258	76084.054	74792.009	74702.388	76776.64	82847.915	85129.908	84504.182	83601.216	81887.516	78839.732	75486.252
11/15/2015	RTO	72639.7	70870.032	70015.53	69869.894	70554.541	72235.929	74664.969	76810.848	77784.987	77012.783	75497.568	74237.401	73268.247	72381.574	71674.691	71824.246	74194.661	81025.647	83732.937	82946.436	81822.912	79003.491	75257.178	71525.738
11/16/2015	RTO	68724.255	67486.252	67290.513	68005.174	70411.014	76416.635	85654.686	90281.148	89253.149	87545.57	86504.285	85599.296	84624.161	84144.728	83635.311	83309.719	84703.355	90703.622	92056.721	90808.454	88565.325	84749.331	79552.417	74431.876
11/17/2015	RTO	70641.958	68679.552	67672.791	67661.869	69340.147	74450.929	83041.365	87171.798	86869.243	86279.999	85951.944	85163.917	84548.585	84405.288	84205.983	84434.873	86464.593	92048.774	92859.821	91528.976	89085.953	85168.255	79376.659	74094.332
11/18/2015	RTO	69899.873	67725.948	66665.503	66535.582	67964.696	72886.172	81208.4	85360.871	85550.935	85531.296	85683.967	85636.799	85289.08	85364.776	84950.164	84869.735	86963.48	91099.9	91592.24	89925.257	87573.753	83187.481	77636.186	72038.295
11/19/2015	RTO	67856.371	65477.543	64216.67	63877.935	65083.51	69774.106	78358.189	83435.505	84508.028	85146.31	86037.368	85959.013	85851.03	85481.018	85049.92	84896.204	86346.742	90750.746	91884.861	90530.601	88731.468	85060.661	79575.893	74238.898
11/20/2015	RTO	70088.486	68127.849	67268.596	67473.743	69159.297	74604.953	83694.57	88332.75	88638.521	87818.237	87111.741	85916.578	84847.738	84114.865	83430.842	83274.003	85116.717	91145.25	92258.225	91341.378	90251.58	87891.314	83911.829	79469.914
11/21/2015	RTO	76061.962	73832.871	72966.855	72714.358	73665.802	76209.027	79916.443	82983.208	84595.779	84381.441	83414.234	82091.911	80555.828	79501.882	78655.889	78905.419	81379.457	86956.518	87727.873	86949.292	85720.639	83308.166	79620.754	75813.138
11/22/2015	RTO	72428.073	70360.388	69264.029	69003.112	69527.709	71102.042	73783.514	76597.623	79861.053	81925.806	82288.356	82338.478	82392.226	82307.918	82354.483	82962.335	85923.113	92855.934	95215.143	94797.673	93874.847	91038.107	87288.681	83042.105
11/23/2015	RTO	80428.798	79059.607	78638.476	79466.784	81929.549	87870.22	97098.844	101600.772	100595.237	98757.003	97389.858	95691.138	94076.326	92944.145	91919.324	92101.786	94933.662	102348.069	104505.15	103999.586	102536.543	98843.333	93096.086	87568.22
11/24/2015	RTO	83740.902	81879.709	81185.749	81352.012	83236.612	88696.418	97211.625	101596.1	100136.839	97300.145	94413.222	91849.529	89823.201	88526.29	87618.499	87559.549	89744.677	96294.859	98224.06	97767.717	96455.222	93558.262	89138.703	84251.083
11/25/2015	RTO	80806.811	79098.542	78491.044	78996.11	81131.552	86155.571	93840.99	97938.626	97416.943	94863.636	92534.711	90197.945	88103.055	86713.446	85366.822	84715.762	86476.058	92319.427	93204.619	91901.107	90346.689	87300.247	82580.619	77415.036
11/26/2015	RTO	73046.839	70593.407	69271.053	68807.53	69374.92	71180.245	73711.644	75947.364	77946.087	79134.038	79645.64	79139.845	76866.041	73800.113	71356.127	69632.164	69444.47	72317.495	72538.44	72187.42	72139.66	71286.645	69443.186	66876.936
11/27/2015	RTO	64513.28	62970.91	62227.868	62315.155	63680.881	66584.837	70749.576	73540.385	75191.702	75948.397	76233.983	75784.225	74812.842	74163.789	73738.176	74024.389	76428.622	81822.383	81891.562	80682.271	79146.205	76688.415	73407.363	69284.868
11/28/2015	RTO	65699.346	63494.574	62345.114	61797.983	62225.076	63949.939	66678.616	69942.47	73071.663	76017.689	77360.521	77605.182	76971.799	76319.79	75900.473	76017.158	78547.54	82928.261	83220.63	82321.795	80955.831	78582.951	75199.996	70894.138
11/29/2015	RTO	67265.445	64915.085	63676.4	63159.445	63507.064	64703.517	67239.336	70222.615	73485.449	76263.53	77443.414	77556.059	77798.911	77460.592	77475.903	78325.239	82035.239	88478.025	89971.72	89238.623	88250.907	84842.921	80680.499	76190.877
11/30/2015	RTO	72817.497	71095.366	70475.201	70969.376	73258.297	78706.346	87253.043	92731.01	93625.372	93790.525	93909.797	93339.781	92978.401	92593.325	92258.002	92634.713	95377.032	100383.234	100891.403	99476.858	97046.331	92660.827	86512.99	80366.729
12/1/2015	RTO	75713.396	73214.221	71873.123	71606.614	73137.371	77947.831	86218.22	91594.47	92271.687	92462.135	92834.791	92641.612	91940.711	91574.683	90807.773	90642.441	93029.964	97591.41	98112.197	96629.958	94705.979	90668.005	84392.94	78255.185
12/2/2015	RTO	73801.02	71443.042	70131.492	69790.745	71400.499	76593.165	85013.626	90526.243	91165.791	91472.807	91564.884	91233.386	90693.184	90645.005	90246.808	90411.089	93222.769	98061.375	98785.214	97387.419	95327.647	91699.78	85911.661	80096.337
12/3/2015	RTO	75824.492	73609.838	72589.445	72920.412	75022.355	80711.471	89944.183	95305.482	95416.515	94955.096	94376.027	93418.164	92328.126	91787.118	91357.726	91806.307	95103.888	101953.922	103230.227	102598.224	101137.938	97887.922	92087.23	86056.929
12/4/2015	RTO	82009.142	79782.972	78837.829	79113.891	81119.043	86546.452	95403.552	100449.188	99324.75	96967.142	94785.484	92483.337	90601.907	89079.667	87969.754	87546.402	90239.94	97112.472	98812.709	98070.122	97139.862	94969.225	91138.701	86204.959
12/5/2015	RTO	82608.688	80464.457	79562.893	79361.311	80402.687	82754.056	86713.3	90388.182	91962.356	90984.476	88916.419	86268.314	83558.606	81072.154	79575.561	79277.62	82333.409	89998.918	92453.865	92256.067	92003.883	90627.425	87875.641	84064.34
12/6/2015	RTO	80666.974	78956.353	77889	77939.506	78929.226	80849.034	83780.149	86859.224	88239.715	86979.105	84220.625	81815.972	79878.514	78447.495	77727.433	78306.263	82427.329	90880.489	93617.881	93672.121	93286.892	90732.038	86254.246	81392.092
12/7/2015	RTO	78074.164	76396.598	75663.375	76172.059	78722.573	84479.203	94016.37	99324.408	98766.519	96644.346	94559.966	92891.905	91592.525	90819.234	90195.082	90260.557	93363.735	100269.098	101879.519	101076.893	99346.373	95662.575	89807.314	83603.629
12/8/2015	RTO	79393.621	76873.42	76211.609	76389.646	78768.054	84417.781	93824.923	98968.282	98045.804	95670.302	93740.543	91632.799	90169.597	88971.73	88302.695	88565.613	91692.107	99212.446	101337.832	100907.625	99524.862	96357.45	90728.825	84455.74
12/9/2015	RTO	80231.771	78327.053	77684.899	77853.685	80143.135	85352.455	94341.483	99259.321	98181.577	96464.384	94866.37	93015.319	91375.22	90432.125	89784.273	89956.408	92985.831	99520.224	100500.457	99169.372	97279.006	93740.88	87111.206	80679.656
12/10/2015	RTO	76016.364	73602.201	72266.479	72262.916	74137.373	79149.601	88368.999	93299.82	92805.592	91344.356	89859.359	88315.886	87200.49	86665.982	86077.244	85952.835	88548.578	95917.097	97001.102	96211.064	94608.797	91017.125	85388.236	79106.656
12/11/2015	RTO	74207.075	71503.764	70316.831	70276.471	71903.683	76655.27	85516.261	90632.383	90012.599	89053.445	88425.995	86876.175	85596.142	85080.443	84414.415	83842.838	85980.717	92132.624	92371.673	90396.227	88639.422	85751.909	81100.989	75159.8
12/12/2015	RTO	70122.36	67244.017	65639.758	64891.819	65144.585	66925.709	70181.329	73568.888	76382.219	78225.795	78540.569	78133.102	77255.747	76415.154	75746.366	75669.976	78205.344	84233.251	84417.179	83090.533	81754.22	79291.224	75491.577	70579.315
12/13/2015	RTO	66316.636	63314.503	61718.01	60835.086	60825.296	62085.474	64535.42	67629.672	70741.041	73008.176	73837.061	74177.072	74494.229	74445.615	74018.374	74519.745	78397.364	85524.576	86743.692	86142.666	84741.414	81427.616	76193.754	70745.65
12/14/2015	RTO	66528.447	64340.5	63282.923	63135.484	64741.568	69667.232	78579.457	84841.797	85747.173	86252.138	86942.25	87024.753	86785.747	86937.053	86567.86	86630.441	89479.617	95207.423	96179.378	94876.026	92655.638	88519.72	82889.976	76152.925
12/15/2015	RTO	70886.645	67961.082	66227.127	65977.414	67429.779	72265.732	81006.571	86648.053	87187.469	87352.771	87518.551	87333.45	86929.562	86815.682	86271.127	86387.723	89164.429	95997.142	97081.558	96214.618	94999.742	91384.704	85726.46	79345.672
12/16/2015	RTO	74427.571	71959.439	70809.426	70842.819	72610.906	77813.241	87009.899	92421.577	92028.462	90452.41	89152.053	87818.865	86704.724	86001.302	85587.598	85575.454	88334.318	95172.964	96914.663	96260.127	94806.559	91440.832	85826.615	78956.776
12/17/2015	RTO	74088.613	71087.364	69601.292	69418.81	71047.144	76058.257	84864.308	90919.836	91655.542	91647.894	92099.208	92078.701	91565.657	91199.57	90720.596	90700.808	93006.261	98499.294	99477.514	98200.926	96564.976	93615.857	87895.819	81590.783
12/18/2015	RTO	76855.7	74158.733	72869.659	72829.02	74545.069	79640.509	88229.066	94513.532	95649.08	96094.074	96311.935	95460.394	94507.203	93751.401	93414.645	93809.781	96984.816	103628.537	104493.735	103233.562	101833.122	99422.48	95299.205	90020.994
12/19/2015	RTO	85607.999	83017.537	81927.735	81574.006	82275.416	84472.505	88318.326	92186.757	94395.484	94446.689	93489.305	92169.663	90439.321	88652.975	87439.397	87274.667	90355.637	97899.721	99957.083	99688.214	99050.418	97380.822	94237.886	89923.261
12/20/2015	RTO	85903.543	83509.764	82415.698	82094.525	82611.717	84471.271	87329.875	90599.176	92017.45	90653.359	88123.554	85642.863	84069.838	82709.245	81831.225	82673.129	86677.477	95022.298	97152.988	97119.734	96770.744	94221.337	89797.163	84426.287
12/21/2015	RTO	80323.665	77865.792	76769.222	76809.975	78496.61	83180.478	90707.378	96019.134	97129.101	96703.538	96096.719	94951.407	93537.318	92754.284	91863.954	91653.258	93988.168	98873.159	99049.456	97314.084	95159.522	91529.542	85816.269	79139.366
12/22/2015	RTO	73971.067	70727.053	69095.057	68553.822	69908.918	74134.472	81283.078	87051.888	88539.429	89037.041	89351.267	89133.566	88502.49	87931	87127.608	86605.396	88278.736	93803.733	94872.944	93472.143	91655.197	88359.487	83404.371	77090.254
12/23/2015	RTO	72015.31	68921.043	67106.855	66466.048	67447.594	71288.482	77837.543	83463.884	85440.667	86849.046	88031.635	88098.324	87458.982	86910.345	86274.155	85986.295	87949.752	91904.61	92123.767	90324.098	88239.618	85029.801	79941.202	73650.113
12/24/2015	RTO	68174.929	64464.728	62369.526	61177.19	61522.189	63633.382	67518.714	71895.497	74778.648	77641.82	79382.764	79769.973	79096.841	78391.531	77739.427	77210.326	78628.272	83105.633	82127.187	79596.59	78141.332	76681.981	74262.496	70430.603
12/25/2015	RTO	66101.821	62720.07	60568.394	59417.453	59400.561	60531.236	62808.979	65904.05	68771.133	71629.962	73475.292	74372.075	74233.2	73396.493	72443.484	71988.425	73180.936	76656.547	76990.591	76187.497	75554.101	74208.81	71585.829	67758.16
12/26/2015	RTO	63816.482	61136.972	59588.981	58910.239	59243.829	60606.064	63134.985	66273.278	69370.789	72918.847	75680.096	77009.149	77116.255	76267.847	75714.539	75908.757	78295.819	83082.703	83487.594	82603.672	81203.457	78763.038	75458.682	70907.897
12/27/2015	RTO	66755.272	63502.592	61796.906	60929.277	60858.817	61747.224	63671.449	65964.348	68793.788	71623.616	73328.358	74542.537	75037.654	78015.145	74816.298	75271.804	78307.243	84356.217	85526.551	84779.891	83447.143	81166.301	76989.339	72618.828
12/28/2015	RTO	68828.015	66783.543	65764.18	65965.218	67645.69	71861.512	78442.407	84130.604	87177.363	89451.261	91310.581	92185.855	92564.37	92754.826	92558.076	92877.129	95708.652	100511.46	100502.91	98688.125	96230.046	92338.178	86931.27	81003.403
12/29/2015	RTO	76015.657	72818.208	71182.668	70488.461	71525.355	74998.055	80499.106	85237.546	87325.4	88707.101	89624.601	89739.739	89193.487	88535.959	87842.263	87495.99	89317.167	94745.722	95518.679	94096.79	92030.554	88772.326	83914.906	78521.238
12/30/2015	RTO	73947.566	71170.598	69860.022	69204.131	70238.111	73899.763	79526.825	84400.031	86661.918	88036.842	89020.094	89205.835	88826.515	88545.432	88119.005	88037.653	90182.716	94698.438	95018.641	93170.079	91166.478	87952.563	83201.39	77804.236
12/31/2015	RTO	73095.804	70112.884	68622.627	68131.185	69041.005	72278.387	77216.038	81485.007	83730.547	85520.788	86609.475	86764.483	86292.391	85697.476	85345.644	85654.853	88624.963	93997.904	94070.663	91293.656	88459.381	85351.114	82253.112	79160.81
